(323355, 0.8959707958719401)
(456662, 0.5625128964631605)
(371677, 0.7790861101000248)
(341681, 0.7847771445465712)
(384136, 0.8582170834102597)
(273551, 0.9398298529643933)
(519688, 0.8021531778729288)
(447611, 0.8542833238323203)
(74457, 0.6382313619132226)
(447522, 0.7691746954590758)
(127182, 0.723039742098305)
(183127, 0.79626808075386)
(157365, 0.6806792058897868)
(17379, 0.8412113470005654)
(239773, 0.7877766058963855)
(398438, 0.7516209217024442)
(179487, 0.8343508702184405)
(377946, 0.757836568971105)
(463527, 0.8391197468896371)
(179898, 0.6890738889319323)
(13291, 0.8394438403639464)
(351331, 0.7637567004853323)
(476787, 0.8619072436114436)
(97994, 0.8372044088609146)
(239318, 0.7996785811619782)
(462629, 0.9512243974321484)
(172977, 0.8182454478777866)
(121417, 0.9109064490548078)
(516677, 0.8606188683623425)
(221281, 0.964107392803983)
(364322, 0.9586710268281763)
(154339, 0.86199186637246)
(387916, 0.897221561394886)
(186282, 0.8133161475313639)
(13177, 0.7371420912994032)
(323895, 0.7995934894185137)
(162581, 0.9115780666761074)
(391375, 0.8019122346580985)
(184338, 0.8330234055064929)
(61171, 0.8752544672564871)
(159282, 0.8079463699558114)
(31217, 0.8046271123607664)
(439994, 0.903201973883934)
(458768, 0.84201337908573)
(324614, 0.7831029093108228)
(77396, 0.7768264970537686)
(229948, 0.8553562308528191)
(466339, 0.851643695091738)
(469174, 0.7331022246014863)
(364636, 0.8679999272571468)
(426795, 0.9282347610065421)
(341469, 0.8989365801858051)
(37751, 0.7621021001287231)
(163562, 0.9008307253523578)
(565153, 0.77732664185311)
(117645, 0.8467226889012105)
(197388, 0.8188216714425799)
(479732, 0.8284671912492014)
(456292, 0.8509489285032632)
(577976, 0.8517275734817434)
(478286, 0.6314567277888762)
(13923, 0.7652825740820203)
(133778, 0.8088737953607903)
(553731, 0.8556848857546021)
(567432, 0.8971500649427888)
(212453, 0.9032370393593856)
(279927, 0.8767839580942147)
(459954, 0.857190556228134)
(334977, 0.9066005841526735)
(259597, 0.6546455931497486)
(226417, 0.8106407913841704)
(213593, 0.8672396144717981)
(182155, 0.6911772491366782)
(199236, 0.7927621348434384)
(121744, 0.8567614048055854)
(2685, 0.8337612352880855)
(144932, 0.8560068191287741)
(452321, 0.8796679836899893)
(264335, 0.8702398549956001)
(562843, 0.8645174720685359)
(54931, 0.8967926126380421)
(72795, 0.9390911418115568)
(336628, 0.8310773444208698)
(381639, 0.7803037336578518)
(239717, 0.8485285652550592)
(559513, 0.8581932491193622)
(59598, 0.7891674045270385)
(128148, 0.5676415181133362)
(577735, 0.7808791875373235)
(54654, 0.8317791855111303)
(291551, 0.7248105554733097)
(47769, 0.8055697285156778)
(94751, 0.653946661494694)
(571943, 0.7717078488954032)
(557172, 0.5987032565088348)
(568814, 0.7913247232756295)
(13348, 0.9000808029627475)
(232489, 0.783025306084526)
(132796, 0.8765520762634927)
(116439, 0.7050174222842428)
(332351, 0.8662347827354502)
(62355, 0.6944822494014242)
(375469, 0.8317186123603373)
(433134, 0.820404628501008)
(256916, 0.8005683025489754)
(141328, 0.874876476003649)
(377814, 0.9325235849876023)
(367386, 0.7703002248744264)
(499266, 0.7517820713348211)
(537672, 0.8264329269128015)
(577539, 0.7780443258551184)
(62554, 0.8081298818157018)
(44279, 0.9075389642406082)
(41633, 0.7498121044952881)
(314914, 0.7117731431903577)
(64462, 0.8091029943290406)
(483531, 0.816673036373469)
(453341, 0.8008842658889921)
(273642, 0.795797282123768)
(532761, 0.8470402790643247)
(92177, 0.8428141100143417)
(292446, 0.7970723857357372)
(236721, 0.5808666110300783)
(193181, 0.774704670674841)
(514586, 0.7618797018149537)
(136633, 0.8739665207317325)
(64359, 0.9170079687593282)
(148999, 0.7835200425059166)
(573258, 0.7301332523128856)
(4134, 0.652562633985121)
(132622, 0.8898373920633581)
(66886, 0.8735955558301)
(497344, 0.8103510771017608)
(228144, 0.9154563153932966)
(1818, 0.695612904530576)
(52413, 0.7245771624698459)
(545826, 0.868676917970706)
(216636, 0.8653685953040504)
(76417, 0.8196209071985813)
(498919, 0.7462549586805797)
(193348, 0.9447747455243375)
(196141, 0.8091937761068558)
(146363, 0.8526760827697086)
(131379, 0.8799915069089395)
(261535, 0.8325639881291003)
(319534, 0.3730540747444925)
(84664, 0.912571772623414)
(332455, 0.8166493457891935)
(442456, 0.8253468602914872)
(53529, 0.7435768587605888)
(297147, 0.8731012267547702)
(483667, 0.8231753326501035)
(184978, 0.8626725428297667)
(39785, 0.8377125811062124)
(271116, 0.6683331216558409)
(551815, 0.47776412591300893)
(523811, 0.8931955771750374)
(134689, 0.8541120763956221)
(546717, 0.724451810170674)
(457884, 0.8501389260786856)
(329456, 0.9454892702869578)
(164883, 0.7192296502996913)
(15497, 0.7854207129252775)
(419312, 0.7367814833095547)
(157847, 0.7441194569857977)
(237864, 0.9578796049783292)
(387148, 0.7801533768836716)
(291791, 0.7512181540408914)
(498857, 0.893007040471434)
(419653, 0.6482519467088919)
(453166, 0.8059725754627931)
(269632, 0.8001997055774903)
(324715, 0.8556402520320463)
(495146, 0.7546084958812462)
(287959, 0.9173576727450633)
(559956, 0.837423329470229)
(371699, 0.7910624359184711)
(529122, 0.7713383533437889)
(124659, 0.7465544627516989)
(491213, 0.8440303177163806)
(85478, 0.9209452748285173)
(2149, 0.9232635554840807)
(493864, 0.8713138926592194)
(549674, 0.846269668879007)
(377368, 0.7842305290586306)
(389197, 0.7058658419188055)
(577149, 0.9394501158790356)
(493286, 0.7202926085737623)
(433774, 0.7159343640815923)
(19221, 0.8509161865651353)
(147729, 0.8346207171899405)
(177383, 0.8284664794849768)
(491497, 0.8594383132994116)
(15751, 0)
(359135, 0.9707709369191957)
(561223, 0.7282094650384381)
(455981, 0.8391176129383392)
(181542, 0.8626885786555285)
(78748, 0.8836529532584012)
(334555, 0.8109473945451459)
(362682, 0.8083822939217503)
(335529, 0.8077509339114303)
(494188, 0.9160995575488988)
(158956, 0.7802806679555984)
(284764, 0.804626469819287)
(433915, 0.8863062162455805)
(153782, 0.8512934965158756)
(7816, 0.8366725249061713)
(547519, 0.939180270308584)
(578922, 0.8662962777582873)
(319935, 0.6459186790755387)
(163258, 0.8808163955179226)
(167898, 0.8581823718338603)
(14439, 0.1754615303689443)
(341921, 0.846848413036549)
(18575, 0.7350782074246005)
(426836, 0.6087589416175515)
(396863, 0.7877372532838305)
(198489, 0.8009354235683883)
(546659, 0.8572479391526234)
(157756, 0.5378657912110655)
(184791, 0.8459832223167577)
(455597, 0.45578697600303614)
(448256, 0.9272363188629308)
(529568, 0.7704887218941906)
(48396, 0.7841391956761852)
(84492, 0.7007510757858499)
(291619, 0.8819587776793311)
(25139, 0.8820119945310969)
(521141, 0.8582026669139797)
(34873, 0.8300184246062322)
(544519, 0.7771946607427394)
(521956, 0.8218919595956345)
(365521, 0.8592689271872908)
(359781, 0.9006451486810797)
(572388, 0.9265894879732344)
(221155, 0.7907327048266551)
(263644, 0.658356946887939)
(146489, 0.84134014572273)
(172648, 0.8066817884782769)
(119365, 0.7556168137128365)
(122217, 0.737439591666732)
(554156, 0.8756431294257245)
(331352, 0.8171319878831691)
(451879, 0.8278503200676924)
(166664, 0.8226591793835072)
(338325, 0.9049222447399715)
(525155, 0.696526891391138)
(463842, 0.6401813190612438)
(137576, 0.7701867130812892)
(475779, 0.9549910795968182)
(252216, 0.8898143018312711)
(477441, 0.8214393448088648)
(546556, 0.7038207035527472)
(515577, 0.9250876872543631)
(414261, 0.7128745489843028)
(329319, 0.7785043685365691)
(466125, 0.9101063514221501)
(218249, 0.8731641367475309)
(489764, 0.7353377471078971)
(27768, 0.7394603662295547)
(342186, 0.8507351070635156)
(177539, 0.8939562411483007)
(575372, 0.8209336626291782)
(512985, 0.8623130636356309)
(139872, 0.9257366832278612)
(529966, 0.8789431130001475)
(88269, 0.8363004614730466)
(297396, 0.6330239853892076)
(512929, 0.7700726081951378)
(465836, 0.8513187556998131)
(56127, 0.7644661047360464)
(512564, 0.8441862381975347)
(46872, 0.8327701096616923)
(542127, 0.6561550183806748)
(182441, 0.6974828784360464)
(159977, 0.8464002278533729)
(437392, 0.8616311040980112)
(16249, 0.9118183091739652)
(415882, 0.4683153601832547)
(253835, 0.7645769455413864)
(163611, 0.8391529777050001)
(354829, 0.8413980053668662)
(138979, 0.8879366186152278)
(197796, 0.6766584787969906)
(436315, 0.8523056677213489)
(414795, 0.8817792557987977)
(259382, 0.927533167213561)
(421923, 0.7674507507698713)
(248314, 0.7475876493693526)
(537241, 0.7769247126534962)
(235241, 0.8754426725541373)
(417779, 0.8621836648077134)
(273712, 0.7865546144069538)
(193162, 0.8305637948058737)
(338532, 0.8321982507429795)
(528399, 0.41848240341800125)
(133645, 0.8346036351419713)
(124442, 0.8358022750280756)
(245764, 0.8051309481688848)
(2532, 0.8775392283826041)
(428454, 0.8179042590993012)
(161642, 0.9168462229885319)
(22969, 0.9368274260746285)
(116479, 0.8168139884088373)
(52891, 0.785062756350317)
(464358, 0.7501334527459451)
(121497, 0.7498907956688942)
(317433, 0.9176496247896845)
(224222, 0.8551623175852784)
(557916, 0.8301181832122058)
(289516, 0.8421678498474169)
(497599, 0.8236190880174388)
(345941, 0.7174127645692885)
(436883, 0.9133268613231593)
(511647, 0.7452342431377411)
(167128, 0.9215144132355068)
(322429, 0.8408585183226008)
(126216, 0.8687042411311197)
(517523, 0.8483581578510364)
(361238, 0.6459451345199614)
(486573, 0.9307328728797291)
(156372, 0.7620035811512811)
(383838, 0.6927721463821804)
(222118, 0.8159717711059575)
(361919, 0.9055618534460652)
(342295, 0.9082479755091059)
(112798, 0.8313275879520912)
(569565, 0.8483992821336289)
(321887, 0.9397918998778717)
(316666, 0.17727798995803726)
(448263, 0.769549233928831)
(145781, 0.8489386208392837)
(73118, 0.8217275067343915)
(147745, 0.9259654192248582)
(421834, 0.18450437602221995)
(82765, 0.8877553144119386)
(77595, 0.8467893696914475)
(31269, 0.8532168838825056)
(296634, 0.5825483858477076)
(6954, 0.8564295350824944)
(328959, 0.8925339411215849)
(172595, 0.8462769884509157)
(5193, 0.9108414346964596)
(243495, 0.8927272901347303)
(263679, 0.9301682446073212)
(488251, 0.9363209353556475)
(72852, 0.8514111932469894)
(262587, 0.6719914539035479)
(215245, 0.8180090251955432)
(397327, 0.7516998094929359)
(45229, 0.45555145586273327)
(477955, 0.830776681117614)
(242678, 0.788846619332394)
(459467, 0.6426199245356607)
(25394, 0.8204628040181803)
(22479, 0.8331054743994109)
(186637, 0.9064677924959563)
(43581, 0.8335036629355623)
(164637, 0.7422071641033717)
(299355, 0.837602259260362)
(347254, 0.774770399402351)
(89271, 0.7477477552999768)
(369812, 0.8482140111532792)
(445248, 0.9455209109610976)
(393838, 0.7522831098740942)
(252294, 0.5797229323981768)
(25386, 0.8055552910534082)
(92416, 0.6279746841641761)
(417632, 0.7110238778340626)
(286182, 0.5098384578303599)
(66817, 0.7489381167190565)
(181816, 0.8189931269061308)
(154358, 0.6394475333122157)
(57725, 0.7878542171124355)
(167353, 0.8953329370466679)
(124636, 0.8625875029672978)
(29393, 0.8191167118275403)
(414673, 0.903300945738535)
(219485, 0.855438937431876)
(389933, 0.7441863567180287)
(467176, 0.8319780880757507)
(342128, 0.8499602250056443)
(169169, 0.8776891874506103)
(455872, 0.8312071689372756)
(119677, 0.923380712974874)
(91495, 0.7279642908442805)
(256195, 0.8403914372983629)
(561366, 0.752413259669032)
(365745, 0.8221354423511371)
(15335, 0.8342106375387407)
(489611, 0.850372229262134)
(422836, 0.8799506077582966)
(78915, 0.7754407344311914)
(151938, 0.8386118548124548)
(235836, 0.843545716652474)
(223789, 0.7818811176766444)
(229311, 0.6050302281028628)
(228436, 0.8553679654887758)
(447313, 0.8549557368721444)
(383289, 0.9004737706282614)
(572956, 0.9003421976932053)
(347174, 0.6906737842559758)
(576955, 0.625442056018368)
(17178, 0.8779435070123476)
(4495, 0.8306709856452109)
(562561, 0.7514978954487695)
(129492, 0.44617105150126335)
(424162, 0.8469268465584806)
(349678, 0.7623740809298022)
(248111, 0.7935244063435737)
(235778, 0.7706498816917804)
(283113, 0.8419067684021976)
(574297, 0.8810196699223423)
(147415, 0.7236801798608368)
(539143, 0.8150291506297886)
(7977, 0.8750668040891059)
(236166, 0.7675299359969454)
(165351, 0.8862677356460534)
(283268, 0.7340349947321447)
(157124, 0.8201561695040189)
(384661, 0.6495095517224341)
(179285, 0.8698850201352991)
(255917, 0.8797569879238534)
(132587, 0.5733205503206918)
(481573, 0.8659248274608934)
(18833, 0.6818867604696597)
(148719, 0.9169114551181614)
(43314, 0.6570126180392302)
(49759, 0.8612862453810997)
(368961, 0.9339686728128136)
(112378, 0.7736951860462232)
(391722, 0.8650713653617407)
(552775, 0.8580731060489243)
(424545, 0.8709180449807198)
(9914, 0.8419576500410675)
(434548, 0.8545304479662652)
(245915, 0.8995641442749973)
(322163, 0.8069380253288132)
(441491, 0.882430074044585)
(434996, 0.7872893092367098)
(492284, 0.8258389939881838)
(372819, 0.8788614412875497)
(32735, 0.6808003969295164)
(512194, 0.8869180858046581)
(311518, 0.7754079892972555)
(531134, 0.8278764526502137)
(244181, 0.8915589114333737)
(276921, 0.912920123573801)
(96493, 0.6831128943678)
(357941, 0.8334861428128372)
(281754, 0.7918752731930289)
(463174, 0.8655373083091713)
(344795, 0.8566583570717159)
(163746, 0.8712237970744879)
(514376, 0.8534710408248399)
(217285, 0.8323593829120697)
(97585, 0.9402272892670388)
(98853, 0.7324653533082124)
(571264, 0.8152349372296191)
(2153, 0.7639148374035785)
(132544, 0.7622243207019318)
(328683, 0.7941617292035403)
(164969, 0.9155019823449918)
(46497, 0.9695520405577814)
(95899, 0.9504101117128251)
(561958, 0.7549428486104826)
(295231, 0.8508884682528811)
(284698, 0.7164102459861312)
(82846, 0.9502008306913057)
(196754, 0.8833193754023452)
(7386, 0.611192098738614)
(396568, 0.8467251847182234)
(235857, 0.8809918789339866)
(247838, 0.85120216077301)
(415238, 0.8346556928377244)
(336658, 0.84019452939041)
(134112, 0.687607685053023)
(94852, 0.8941113301453074)
(95155, 0.8046355817000101)
(516318, 0.6275255309945287)
(565391, 0.2654685483977028)
(95862, 0.9611600872955158)
(125472, 0.9243008973405313)
(356424, 0.7795139460849176)
(125936, 0.8288249914399571)
(147725, 0.9019671075529359)
(98261, 0.8783872016222616)
(451714, 0.8142205483927398)
(231237, 0.9019750951368977)
(539445, 0.8823223811243543)
(358525, 0.840311037750106)
(525286, 0.9440097157670804)
(15956, 0.8455277480788107)
(329323, 0.9125927316494102)
(289594, 0.7131526457330015)
(364126, 0.7636899536140789)
(224675, 0.7952500085430138)
(347335, 0.8908809297778614)
(296224, 0.7358612628629045)
(37689, 0.8990600334642668)
(186449, 0.696101267576957)
(558854, 0.7706539528241813)
(338219, 0.8058565407539078)
(471789, 0.4498081955638262)
(559547, 0.6595659980666048)
(345385, 0.6684348406160122)
(456496, 0.8271409493627607)
(133244, 0.7663868705309753)
(546964, 0.8374838952569142)
(289393, 0.9281595679769555)
(565778, 0.45462918216327963)
(218424, 0.8893324256139314)
(484415, 0.8957830411608366)
(493613, 0.7873399425556852)
(87875, 0.8932604783903487)
(367228, 0.8456582330011315)
(172856, 0.9213480239362164)
(29675, 0.9726476037027654)
(538364, 0.7866471723802257)
(179214, 0.9051031219419992)
(389812, 0.8283778831202522)
(486479, 0.784188154078769)
(433192, 0.8950547837416646)
(267191, 0.9062986656169867)
(565877, 0.652254069858471)
(346968, 0.8163241269881923)
(484978, 0.84693968264698)
(131386, 0.7817378823962308)
(483999, 0.6533268783457326)
(469192, 0.8173498215755415)
(549167, 0.8062097560511834)
(534394, 0.7637233256301301)
(6818, 0.8477533812005307)
(66841, 0.7627675596944312)
(85376, 0.6995508734433954)
(112634, 0.8513076943033312)
(93353, 0.9277608114305539)
(459195, 0.8108024736060396)
(29596, 0.6856365030548945)
(367818, 0.7149907190079772)
(117197, 0.8300720070037874)
(479248, 0.8329342625616759)
(273617, 0.7404672326819713)
(366178, 0.620443598122181)
(226154, 0.7617428057507025)
(11813, 0.5576681416481969)
(521819, 0.8472605180529951)
(279769, 0.7943754808227127)
(178982, 0.7944436674574255)
(378873, 0.7497637704518986)
(215723, 0.8704640467460281)
(269121, 0.7890633255724853)
(155154, 0.0)
(194716, 0.957515947022911)
(33854, 0.8280235476216689)
(187362, 0.884550417539705)
(368684, 0.8337410669059275)
(119828, 0.798327166100535)
(255912, 0.812371421219787)
(329827, 0.7991610740901545)
(118367, 0.5620258922980894)
(2431, 0.713186458871396)
(532855, 0.762681481504272)
(171382, 0.7989984175664994)
(468332, 0.8510296926307281)
(414638, 0.7980016715643626)
(475732, 0.7851219246233628)
(154213, 0.748190109581938)
(416758, 0.8676853299719487)
(543581, 0.8093608786549087)
(458755, 0.8096210368797424)
(57232, 0.8133244832111811)
(22892, 0.5527187061456188)
(279774, 0.8956749187792714)
(423944, 0)
(8211, 0.8792981349040907)
(415727, 0.951172191019792)
(226662, 0.7582701818510246)
(185472, 0.8168109067090493)
(48564, 0.7669486675153643)
(334719, 0.8785495334376482)
(339823, 0.7479695777098179)
(119641, 0.7930106896551671)
(468245, 0.8374174713916158)
(76547, 0.8096925989353596)
(239274, 0.6189509501569214)
(175438, 0.8001779262640354)
(293245, 0.6921172399271986)
(427649, 0.7985148161677382)
(213547, 0.8228036782736516)
(431896, 0.8745333124236062)
(2299, 0.7951560897182292)
(186296, 0.9485672137428621)
(18491, 0.8898708394437844)
(462576, 0.8126436215847167)
(399462, 0.9482814044015428)
(389566, 0.8584876395760863)
(81988, 0.7987828917450943)
(415536, 0.7686362772118682)
(166768, 0.748708738193834)
(564127, 0.8794813772577837)
(193429, 0.9137067132264738)
(257566, 0.7491303304834143)
(248334, 0.5510610125425993)
(133631, 0.783949231076154)
(247917, 0.879707258036396)
(17714, 0.7002432179867962)
(474452, 0.8115887960234599)
(468925, 0.8732793589811405)
(85911, 0.9011805051030558)
(396729, 0.8881345470905329)
(426372, 0.8548029416438045)
(493772, 0.7851826273627537)
(398742, 0.8835467715341592)
(471756, 0.8699924686387879)
(179642, 0.6626515721184633)
(389316, 0.6326779649736198)
(5477, 0.42759095541939657)
(167572, 0.7743463603541288)
(311928, 0.7700810297534706)
(273198, 0.7938246432316488)
(566282, 0.8204499092943698)
(252776, 0.9547185470180888)
(322959, 0.5867789383070254)
(24567, 0.7427027674120201)
(494759, 0.6393673131130988)
(18837, 0.8227607268002102)
(181421, 0.7220974051880916)
(168458, 0.8197013058927756)
(463283, 0.6695739484297264)
(15278, 0.08242898051215682)
(479596, 0.7891596741431233)
(193245, 0.8674775681638373)
(447187, 0.7322942549333535)
(262631, 0.8267124973000193)
(579818, 0.5183833650068397)
(565563, 0.8261405291257276)
(563349, 0.7476716842431965)
(2592, 0.7281304692162635)
(347456, 0.9241980063005467)
(527215, 0.839356546263015)
(475365, 0.66951964583061)
(253433, 0)
(348488, 0.8174821819315837)
(459437, 0.7400418754719319)
(441468, 0.7955098610660297)
(143556, 0.7608800527422321)
(358427, 0.5085943029070666)
(155451, 0.8711046871877175)
(524456, 0.7885140803592852)
(344621, 0.8387328923428574)
(75393, 0.8124976390499807)
(23751, 0.506409676807068)
(464824, 0.7359043633153414)
(263299, 0.8068971113718116)
(329455, 0.7548134667786401)
(197658, 0.8342658116497964)
(491464, 0.8516700064971017)
(298738, 0.9250003746004772)
(148957, 0.946000347778685)
(265777, 0.7131787184835208)
(284725, 0.8720597948827324)
(188296, 0.871896767181025)
(148783, 0.9344829704191596)
(181859, 0.8799927307855905)
(239843, 0.7924845514246764)
(175443, 0.9740101219781288)
(455219, 0.8331845309713369)
(232646, 0.8819398850887454)
(222458, 0.8240961094179484)
(572462, 0.8520577928071529)
(165681, 0.8689073464122359)
(152771, 0.7608022000074808)
(39477, 0.7464665035225964)
(184611, 0.4610656886966633)
(9483, 0.7907601775379338)
(47571, 0.8897166427891834)
(89648, 0.6931412690068998)
(283318, 0.778959545446545)
(22396, 0.8956056890113683)
(298396, 0.68695552021174)
(566524, 0.7796886247593764)
(57238, 0.6641538127465821)
(523782, 0.8735079931034879)
(8532, 0.8619002314828017)
(95843, 0.903467047353046)
(215114, 0.6527533918991562)
(213224, 0.8716569218160514)
(256868, 0.9288654263025697)
(494869, 0.6872500483331996)
(428562, 0.8878455970000176)
(66561, 0.8263632400471735)
(139883, 0.7828823956222581)
(166747, 0.7966609739781187)
(377882, 0)
(315257, 0.7933201852807735)
(199977, 0.8758950321595025)
(325527, 0.9175145218843157)
(445846, 0.7960401524154692)
(5586, 0.8076747887099109)
(253695, 0.7588525721073502)
(184321, 0.8579541235379173)
(267351, 0.6783192542936369)
(518326, 0.8121732049592987)
(173383, 0.5577977654183919)
(55167, 0.8628744867889315)
(236914, 0.907233094815865)
(227478, 0.7892918996868622)
(67213, 0.7829361553831493)
(74733, 0.82389158530267)
(397354, 0.7788146937269298)
(488166, 0.7596906222221382)
(334417, 0.8072532322240175)
(283785, 0.8619191791953827)
(323828, 0.7637104271522748)
(34417, 0.7791800071406032)
(571857, 0.7524471786077573)
(35279, 0.8541275014132246)
(355169, 0.8797932759750431)
(178744, 0.815135199605744)
(562229, 0.8885121964683866)
(492878, 0.8244303067822867)
(376284, 0.8948768021920139)
(217872, 0.8055898043776284)
(335177, 0.7844964218893344)
(322352, 0.6414643257051456)
(357816, 0.7355155039691783)
(452891, 0)
(68286, 0.6863892370259496)
(545594, 0.8567103383920964)
(785, 0.797992505758079)
(193674, 0.8183427219069624)
(192191, 0.847455595677277)
(15746, 0.28744393539949903)
(384651, 0.9167009609977175)
(552842, 0.814445109427148)
(526392, 0.7733644266448131)
(575815, 0.8205273017186255)
(427655, 0.7583210852803262)
(9769, 0.8565105203850714)
(221872, 0.744607127755405)
(553776, 0.9110362209029379)
(172935, 0)
(442463, 0.9102442674474271)
(294163, 0.6790947921176923)
(155443, 0.8135277653043174)
(155341, 0.9126618615486727)
(174123, 0.7940817105369672)
(363784, 0.8190142888970042)
(393226, 0.8328564784086842)
(84674, 0.8148458825122777)
(517687, 0.7950317917588962)
(199442, 0.7262338089202732)
(91921, 0.8642366125711816)
(511384, 0.8939062050406146)
(166259, 0.9203059615721555)
(482319, 0.9462166733064806)
(118921, 0.9227655609257144)
(361142, 0.8295632393996718)
(512657, 0.4998712079365998)
(349594, 0.8509542010373896)
(189698, 0.8671777819435148)
(241677, 0.6137406897381972)
(224337, 0.8817929697161782)
(71711, 0.6872463253878139)
(149375, 0.9189812452276975)
(437514, 0.8265735597731521)
(293858, 0.8213891204508605)
(534664, 0.9083337874099829)
(481582, 0.8567926979407297)
(269932, 0.8374628688097328)
(186632, 0.40703783334244975)
(311883, 0.7524381606358005)
(519569, 0.793699432483557)
(176634, 0.6427493268351907)
(377113, 0.9082059827343214)
(513567, 0.8901728785407765)
(142472, 0.8449301694260037)
(541952, 0.8332520375687078)
(578871, 0.8200938336884448)
(292155, 0.7559727005963115)
(26926, 0.7992214496404937)
(348216, 0.8235019663910331)
(171298, 0.8778480896398646)
(49259, 0.9257886226342247)
(186929, 0.356584216680858)
(263969, 0.6789663502562566)
(449661, 0.8955499322089411)
(357748, 0.7454599507563068)
(532481, 0.8361491037209435)
(9772, 0.7797133778596073)
(261712, 0.9434318508825267)
(352618, 0.8199363618013474)
(456394, 0.7221917226524562)
(325991, 0.7794883715574381)
(51712, 0.8441976850677926)
(318114, 0.8676784414060812)
(456143, 0.7513064643162908)
(11197, 0.7582092968562232)
(529939, 0.7816138460789064)
(532575, 0.8503836839131074)
(271471, 0.8771698103476546)
(153632, 0.7677110336408179)
(159791, 0.8219694308806333)
(216419, 0.683857683546305)
(99114, 0.8294183058791831)
(296969, 0.9400228934143624)
(211674, 0.823573655366532)
(76211, 0.7056837554457629)
(51961, 0.9419499779432609)
(175387, 0.8664724909344427)
(144784, 0.8322482943835162)
(92839, 0.7501960793015927)
(278848, 0.8647950189786231)
(147498, 0.5914058269921197)
(417249, 0.7216982799033612)
(429718, 0.8687688582180322)
(21465, 0.8096379232931754)
(115898, 0.8259514389717795)
(191471, 0.8702626214280766)
(516916, 0.7340902302799978)
(419379, 0.9317290113858487)
(445999, 0.8463415231609412)
(468632, 0.850087768016243)
(88432, 0.7726428414526835)
(352491, 0.8216172955420562)
(393469, 0.8162729078422533)
(78843, 0.9115203309899259)
(447917, 0.8653060617423975)
(115245, 0.656048663913372)
(176232, 0.8141587275831399)
(223738, 0.7887524636714502)
(279541, 0.7614037104780444)
(161397, 0.7689727022854298)
(28285, 0.79872229837868)
(14831, 0.8989768362910596)
(1296, 0.7644267716519364)
(95786, 0.9736151219423096)
(568195, 0.7306222402501746)
(444879, 0.8686301460292495)
(462756, 0.7950238241596724)
(446651, 0.818907798613375)
(459757, 0.8100799188011187)
(497568, 0.7683110626548252)
(477689, 0.8462513169143921)
(559348, 0.9280220753608236)
(474854, 0.8606937545072627)
(41888, 0.8843228569488719)
(174231, 0.8064797026690579)
(527695, 0.7104644887395491)
(192699, 0.9435861855856297)
(313454, 0.7432859294836379)
(158744, 0.8068329231868182)
(484893, 0.9112346179109627)
(548524, 0.9012214017956678)
(21879, 0.9003747681353859)
(424975, 0.7114091621943137)
(156924, 0.7150662025567168)
(181796, 0.8320311493692046)
(255165, 0.7461338504288527)
(371749, 0.8035108531161415)
(329219, 0.8442153349863402)
(485972, 0.9090191092410215)
(359855, 0.8441817829694576)
(119911, 0.8844361776922365)
(365385, 0.8036505888944443)
(127476, 0.9190638949118292)
(93717, 0.7818642894714067)
(184324, 0.856154553371123)
(358923, 0.6960769081726293)
(181753, 0.9091012880426123)
(5529, 0.7790068388695576)
(278749, 0.8476864679577273)
(127394, 0.7566274761657098)
(13729, 0.702273186185904)
(144984, 0.7162209075977044)
(63552, 0.9020153847878232)
(384666, 0.923157622077927)
(76416, 0.837207063510956)
(82986, 0.8934911452236801)
(93437, 0.886978933179763)
(497867, 0.8121232699917462)
(219271, 0.7021049026675341)
(312213, 0.9127325782925115)
(475387, 0.7154658717604991)
(545219, 0.6697801659179103)
(554595, 0.8956401617999575)
(47121, 0.836978689119495)
(288762, 0.5530214900846112)
(66231, 0.7313810650025765)
(79588, 0.492192953967478)
(166918, 0.5984825576365249)
(42296, 0.8358424890853805)
(79229, 0.9240083403721527)
(186873, 0.7381920666927727)
(531495, 0.7064056236862868)
(424721, 0.8273501483775707)
(134886, 0.9119315477273989)
(29397, 0.816581723131032)
(374982, 0.8548680221138177)
(474786, 0.8370515012885749)
(374369, 0.8655443733061039)
(44877, 0.8654353486302104)
(9891, 0.8546664081479615)
(189451, 0.8742619798011364)
(88848, 0.713927236021579)
(96427, 0.7310080992680624)
(338986, 0.7875946493407486)
(434459, 0.7755089647622764)
(48924, 0.8921526041540734)
(91619, 0.8419019787535014)
(125129, 0.7998500067330306)
(242287, 0.9070704751829184)
(253452, 0.8185524767988896)
(363875, 0.6893256389535207)
(177861, 0.7998795048331249)
(161861, 0.7895533216414309)
(535858, 0.5911644361583854)
(493284, 0.8605859135742816)
(333697, 0.1542331936421562)
(288685, 0.8773547721950377)
(528524, 0.803751460129958)
(475678, 0.8551970931136376)
(185292, 0.7532741923602527)
(399655, 0.8042277125720321)
(366711, 0.87808637719377)
(31296, 0.8059521572461033)
(278463, 0.706785953786114)
(473869, 0.5013171825774756)
(297595, 0.6232110582813198)
(116362, 0.4664175491452667)
(414385, 0.7582562098411879)
(76625, 0.8129206148689332)
(85665, 0.8649208845594111)
(447465, 0.8640910936400481)
(7574, 0.7509007301611839)
(36539, 0.7447169234760014)
(287545, 0.9789000908734686)
(494913, 0.6080433232002509)
(216296, 0.7746914424174646)
(112626, 0.8363737889177381)
(258388, 0.7613426283566398)
(365655, 0.7258858048174175)
(351823, 0.9017776471021222)
(22589, 0.8746721652433723)
(157418, 0.8183267421278935)
(414676, 0.7235828486387612)
(78426, 0.8505591216288694)
(357459, 0.8108037117202392)
(568584, 0.8957068904554131)
(232692, 0.7769620769263512)
(57672, 0.6530446088181076)
(326542, 0.8760225934145723)
(72281, 0.8861298701748664)
(279714, 0.8589185930138041)
(187271, 0.8342483519063413)
(571313, 0.8353699210628643)
(315492, 0)
(255483, 0.8148848363859318)
(354753, 0.8433798863309097)
(489842, 0.9349381941225058)
(466256, 0.7314673529494651)
(132931, 0.7361455029196412)
(43435, 0.6470871494210799)
(463199, 0.9455573108639201)
(443969, 0.7332262271798164)
(183391, 0.7755689452833932)
(54123, 0.8679606971900362)
(519611, 0.9428040658647953)
(359833, 0.8696954968796669)
(52462, 0.8242026235886281)
(119516, 0.8558606830181381)
(194724, 0.6975472466261196)
(546626, 0.8580935514328645)
(453841, 0.8352059864957816)
(84477, 0.7593137504447176)
(261318, 0.7198560292398023)
(426241, 0.7610951829696002)
(512248, 0.8734418149370416)
(473821, 0.8359741046356454)
(488736, 0.8600609766966821)
(43816, 0.736560841739043)
(189226, 0.9066332410585313)
(344888, 0.8183043265281522)
(153217, 0.8865123307296816)
(488385, 0.8631700542048534)
(541634, 0.8649068098384172)
(166391, 0.5860453998522814)
(237928, 0.8305710541462341)
(547854, 0.9146366443530941)
(285788, 0.8776330754811295)
(19786, 0.8734232027770713)
(325114, 0.8624864484406888)
(31735, 0.8913338122308623)
(512776, 0.8858791333250223)
(453584, 0.8196822912502769)
(513484, 0.8791468289739153)
(152214, 0.8370758307140029)
(146825, 0.9139071465725745)
(265816, 0.8589300196794506)
(46378, 0.6787685114417047)
(541773, 0.8619736372828094)
(257865, 0.8866840818376301)
(276284, 0.8567072699683578)
(461573, 0.8555859604023921)
(233727, 0.8449241858592484)
(288584, 0.9512489142180722)
(6213, 0.2623645247884015)
(276434, 0.7313529930862297)
(269866, 0.8841390236238894)
(267169, 0.874942179806884)
(463918, 0.8506495048199095)
(156278, 0.8357975878700071)
(377723, 0.8733028406421628)
(468965, 0.9122080223211827)
(217753, 0.6418435605987068)
(153797, 0.7918338360199382)
(215259, 0.8619837221952424)
(125211, 0.9611241498401328)
(371472, 0.6289792748301067)
(438862, 0.7503826104589257)
(551822, 0.8978373019727838)
(48153, 0.7908125151152225)
(424551, 0.8420986119120835)
(214753, 0.9070626401537565)
(12639, 0.7648413581974401)
(117374, 0.7499288580679747)
(425226, 0.776172152235107)
(278973, 0.6929393116617029)
(98633, 0.8198632725550848)
(256192, 0.5575984158722691)
(54628, 0.805911077516769)
(88218, 0.791315533819713)
(341828, 0.8296588700560967)
(389684, 0.8744171305205121)
(327617, 0.6862422753301041)
(482275, 0.8727131636232719)
(235252, 0.8410746036185941)
(377486, 0.8724926209943109)
(458663, 0.7021423145991454)
(365387, 0.8683900162838537)
(438955, 0.8315563873422822)
(462643, 0.6788084685982384)
(571718, 0.8125052797624174)
(478721, 0.7257329470415557)
(345356, 0.8583304438548737)
(568213, 0.8501804772587096)
(549738, 0.8008847959198924)
(123131, 0.7203790594263346)
(146667, 0.8317697739853707)
(227491, 0.744907571619541)
(65288, 0.7061994732815993)
(66771, 0.7442618091461665)
(542625, 0.8071348483404842)
(577932, 0.8504499317507134)
(389381, 0.847663262437847)
(361551, 0.6357450649676536)
(85157, 0.768307945264954)
(493799, 0.7125735862909105)
(146831, 0.6749025529274149)
(482917, 0.7361822236754945)
(94157, 0.9142318093692583)
(446574, 0.8949419402115378)
(477288, 0.8764136045293441)
(135872, 0.785633287094667)
(139684, 0.7926912076124291)
(62692, 0.9058976989405255)
(442822, 0.9212273000241795)
(241319, 0.5155808817679624)
(542423, 0.8159132555879332)
(248284, 0.8119837020845759)
(377497, 0.7852941297283932)
(331817, 0.7490952508191189)
(273715, 0.8812520532950116)
(363188, 0.8525490739059387)
(353518, 0.6309909212907231)
(294783, 0.0)
(65736, 0.7371059331159823)
(231831, 0.744188800084829)
(378453, 0.8732032463181997)
(142238, 0.8778157296749055)
(356427, 0.769738107330737)
(322895, 0.7133545555686869)
(527616, 0.7210001154746838)
(145597, 0.8884084885241803)
(511453, 0.8991882239209815)
(182611, 0.8309089902460913)
(343496, 0.6544758696650723)
(356347, 0.8782646545499001)
(156643, 0.8109657725616449)
(227187, 0.8826148452304492)
(561889, 0.7983521215526017)
(128675, 0.643933021331727)
(394559, 0.8492552408109604)
(411938, 0.891586112975291)
(462728, 0.7252706720502242)
(499768, 0.7157039428491159)
(349837, 0.9677036757167234)
(23666, 0.8703259246983177)
(66135, 0.9138301117623532)
(523241, 0.8008180626773849)
(275727, 0.7790446636816489)
(383921, 0.8930564261282466)
(249219, 0.9470924568763984)
(286553, 0.8667633247512629)
(328286, 0.8513745485217337)
(277197, 0.9110039697257275)
(212559, 0.8758511537833612)
(289415, 0.8341606651124975)
(127494, 0)
(542856, 0.8168774024653477)
(568439, 0.9168164574237112)
(322574, 0.7909240917722381)
(297427, 0.8249627202816983)
(469828, 0.8808419424805223)
(348243, 0.8552151616691805)
(214192, 0.8502109566015501)
(4395, 0.8202514683287736)
(335427, 0.7998470851538239)
(578236, 0.7811878700555571)
(258911, 0.8675929133569724)
(521282, 0.783259636542112)
(386457, 0.8265539802635936)
(243867, 0.9308270330362738)
(79144, 0.9282938932099439)
(531771, 0.7719192880194838)
(449432, 0.865823994531199)
(287347, 0.8427805189886667)
(296222, 0.8335811096359219)
(171611, 0.8054929628060948)
(14226, 0.8912087563778466)
(244592, 0.9368882514531683)
(388927, 0.8580751205016897)
(464786, 0.6476477906885059)
(546219, 0.773953722572107)
(272212, 0.8717941299220231)
(347544, 0.9624753514653472)
(14888, 0.9072349786031233)
(463522, 0.6946642886661545)
(579158, 0.7397190507184045)
(73326, 0.7265325224602618)
(395633, 0.6937565566522813)
(474344, 0.686360465864128)
(52591, 0.9061840110871242)
(32334, 0.7716516682438304)
(369771, 0.7435255559557032)
(335954, 0.9304072064513802)
(113589, 0.671711761613862)
(154425, 0.9095274986712494)
(329542, 0.9115816888826741)
(342397, 0.9068957219927778)
(76261, 0.9207308026285141)
(276285, 0.7178997820379213)
(554266, 0)
(528862, 0.9442266846578407)
(347163, 0.9596627764180089)
(177357, 0.8522081238651686)
(222991, 0.5563070329192197)
(454978, 0.8050891138708924)
(36844, 0.8197505354040221)
(511321, 0.9208543550318528)
(361586, 0.5357787179230314)
(198928, 0.7137359111172605)
(394275, 0.796772643548411)
(519491, 0.7965599509400747)
(378244, 0.8940789803992435)
(364587, 0.9235694193387103)
(219578, 0.6458910233045773)
(11122, 0.8904467760066094)
(23126, 0.8201119166190776)
(162543, 0.8501889994006805)
(228981, 0.8641156165409608)
(457848, 0.7751303901595914)
(438774, 0.6500470843103813)
(64898, 0.7658636194922728)
(475572, 0.7894963665211405)
(39551, 0.8013064027787284)
(63965, 0.8261328379283899)
(484296, 0.9233122298320373)
(3661, 0.7792660537422229)
(143931, 0.8308428508745072)
(464522, 0.8720709029732088)
(165518, 0.8664815051374539)
(127517, 0.9014737802431179)
(221693, 0.8700970882376419)
(128748, 0.8603058984544265)
(154947, 0.9016131009888491)
(16439, 0.8594385522619375)
(279278, 0.9064382248196914)
(547383, 0.8864649696505232)
(23937, 0.8048796832325156)
(366225, 0.8822681132593191)
(468233, 0.8378945026788116)
(57244, 0.6997711644220986)
(275749, 0.7795403498487614)
(326541, 0.8571325792131146)
(416534, 0.8672406448862642)
(163155, 0.801311077508856)
(343937, 0.7390229315194543)
(548246, 0.9264097359036488)
(45596, 0.5930160564700676)
(166277, 0.8738686217417967)
(233139, 0.8486668865102968)
(256775, 0.9218355237959739)
(119445, 0.9298621821764572)
(397279, 0.7751290789240979)
(84241, 0.8768404484339309)
(366199, 0.6517674188737961)
(155145, 0.5764994198152081)
(465822, 0.8286197600601058)
(2261, 0.7728884564909615)
(481386, 0.6246140631767523)
(98392, 0.8550771508913044)
(447314, 0.8632699073909939)
(248616, 0.8625908201939377)
(373353, 0.8515271557701043)
(213255, 0.8832219371403474)
(268375, 0.8704782572206398)
(265518, 0.8645571064478682)
(384527, 0.7075814194009773)
(458325, 0.6379963865831964)
(416885, 0.7201808404939759)
(575357, 0.8644085784226012)
(118594, 0.6742478890170489)
(222317, 0.7978793735636727)
(3845, 0.8019934740374296)
(578489, 0.8292280417337459)
(366141, 0.6128808598466191)
(134322, 0.7420602432131547)
(442746, 0.6406396655510763)
(99242, 0.8529122427054148)
(124798, 0.8938822924825494)
(153299, 0.8882584306580176)
(168883, 0.8510966088860451)
(557672, 0.7928323167992019)
(225757, 0.8208243292295478)
(289992, 0.8479392234408736)
(581781, 0.9030845705069107)
(446522, 0.7322871598988352)
(383443, 0.7399411035097192)
(291861, 0.8048451001265149)
(234413, 0.8872530592198287)
(16958, 0.7422237647304375)
(181666, 0.8910019347846814)
(523229, 0.8332790488020593)
(314251, 0.7704582088731647)
(298251, 0.8468031151597164)
(282296, 0.8091826650097425)
(149222, 0.8667556561359268)
(297681, 0.6762827132571202)
(422886, 0.8105985619988334)
(262227, 0.9146677753766509)
(479155, 0.9598610781841805)
(459396, 0.8721959854438598)
(275198, 0.6766587863863334)
(421757, 0.8724834734389104)
(478393, 0.8594187377971391)
(231747, 0.621392141531364)
(179265, 0.8605469514202255)
(529528, 0.8385141458517126)
(17959, 0.7799420460829495)
(135561, 0.44924792517753953)
(554579, 0.9004993774381831)
(166642, 0.9000781749280371)
(111951, 0.8990900869852794)
(53994, 0.7911576788851085)
(162858, 0.7562243613300212)
(386879, 0.8064772170749386)
(25181, 0.6163178331209386)
(3156, 0.7762823333389073)
(473118, 0.8789322699335661)
(314541, 0.8771150276082911)
(494863, 0.62353554999713)
(355257, 0.7252652466254562)
(243199, 0.8429790659882614)
(338718, 0.8817055596174869)
(336232, 0.9059507316176094)
(177934, 0.793514853395084)
(297353, 0.713291982133553)
(463542, 0.9282246156575289)
(339442, 0.8787048114955838)
(179653, 0.8006090857723399)
(345466, 0.8223589547325802)
(365886, 0.8802287142998144)
(174371, 0.9244727495628238)
(369323, 0.8508355618586086)
(547336, 0.8464093138582229)
(293794, 0.8371457455076718)
(253742, 0.828096383597972)
(279145, 0.838305819459162)
(379453, 0.9121722538050387)
(86755, 0.7035829576149972)
(396518, 0.7232026792443937)
(322211, 0.862003067337892)
(9378, 0.8396684610735927)
(451571, 0.8375267828997515)
(74256, 0.7225745236324492)
(85195, 0.8502717450303576)
(369751, 0.8798825808631939)
(491613, 0.9383335729069714)
(157213, 0.8872337389590558)
(89761, 0.8832253858264064)
(322724, 0.7721820393492502)
(471869, 0.8362462766528626)
(139871, 0.8654691110617619)
(232649, 0.7473710030823949)
(318138, 0.8170046240146024)
(42178, 0.7997914630266859)
(184762, 0.6419665662730448)
(185473, 0.7687369175330396)
(472375, 0.8034483880445632)
(258883, 0.8108160989511048)
(479126, 0.8644482315186136)
(413395, 0.7464136245956192)
(17182, 0.7870093030897672)
(242946, 0.8038747882320134)
(439593, 0.8217621785243062)
(441586, 0.8444016556597814)
(142585, 0.6241881778075654)
(351589, 0.8707610321763157)
(154718, 0.7264786005506948)
(123633, 0.714014899774448)
(174482, 0.8845279966487896)
(27972, 0.8824720284800992)
(464144, 0.7951383709162427)
(24243, 0.849923360483487)
(341973, 0.8987847767916961)
(426253, 0.637469740658934)
(562243, 0.7982210105562513)
(194875, 0.8516991667444209)
(368212, 0.87213805872966)
(314264, 0.7676778538000026)
(441442, 0.8257220659674254)
(132375, 0.8382546177964125)
(478862, 0.8034752493031256)
(195165, 0.8490907146813947)
(44195, 0.7832543081687903)
(18193, 0.4290918426914891)
(313783, 0.8324826103582684)
(89556, 0.7254386210362964)
(371552, 0.9054019940814069)
(519522, 0.7901028069356499)
(441286, 0.8110780341194661)
(261888, 0.7954110257715085)
(131273, 0.8413305245350003)
(288882, 0.9159433898231498)
(378673, 0.9062384529159432)
(224119, 0.43176955797969196)
(379842, 0.8161085204805051)
(577864, 0.8525529538628878)
(37988, 0.8771546985602207)
(297578, 0.7973064572210451)
(8629, 0.7648772864904009)
(466156, 0.9018495251902099)
(465129, 0.8196998313496868)
(244496, 0.8499029343432614)
(34139, 0.822434206889965)
(343466, 0.7851099405145913)
(66635, 0.8953703834106598)
(267933, 0.9358948551793492)
(474881, 0.8868693072199499)
(183675, 0.7288064889749992)
(138954, 0.48328631317632065)
(331569, 0.8626775726392516)
(85329, 0.8010994002670493)
(511999, 0.879800695062709)
(493566, 0.6490778088494569)
(226984, 0.8498362827895428)
(217614, 0.8135892667057618)
(356531, 0.8085445255512909)
(515982, 0.826666461730738)
(121591, 0.7057889659943083)
(359219, 0.8435278064338833)
(97278, 0.7571263448341744)
(372577, 0.8327728516453989)
(459272, 0.8246481105109822)
(285, 0.8010541968136127)
(229747, 0.9575269746284176)
(443844, 0.8859216903662794)
(225946, 0.843130217645942)
(94336, 0.7421172454672071)
(512836, 0.8331018361164347)
(323799, 0.766637254109577)
(562121, 0.7197243082959532)
(397351, 0.7931526030783185)
(474164, 0.9222109317834913)
(546823, 0.7259866788282784)
(477623, 0.8914703337795401)
(157928, 0.7845765901042422)
(376365, 0.8834667768542979)
(117492, 0.8952824948880409)
(21167, 0.6687673412836919)
(312552, 0.7653497332493813)
(236599, 0.7304323421596275)
(347265, 0.7239598612324792)
(357978, 0.928581774816433)
(84362, 0.8769326654417918)
(463647, 0.8702879132227125)
(514914, 0.5831553922543715)
(311394, 0.6652487902427727)
(434479, 0.7712977908741112)
(356612, 0.735303140908331)
(455716, 0.8960448275659691)
(62353, 0.7785396344185732)
(573391, 0.8434966810856035)
(172396, 0.8462815542374331)
(5992, 0.9592077110960285)
(471567, 0.7485525314212129)
(192964, 0.8521828978995898)
(19742, 0.9575993679529599)
(416343, 0.8204917157886664)
(212895, 0.7278860456385381)
(97679, 0.7309073728850857)
(119452, 0.8687423110803509)
(428218, 0.8119462173500545)
(491683, 0.642999243103998)
(119995, 0.9099898046828545)
(92939, 0.7819008649887684)
(283717, 0.8581350798482296)
(467315, 0)
(196185, 0.9169252545211811)
(212166, 0.900734802211705)
(343149, 0.8621977862654794)
(578792, 0.9066669625016186)
(383337, 0.7847907752442527)
(426268, 0.7631433237217189)
(216739, 0.8820030408946615)
(146155, 0.8375171055058865)
(412894, 0.7443613760397897)
(31248, 0.5683381664216904)
(426329, 0.8456217167758451)
(141821, 0.7767014360347613)
(379441, 0.7453511862224662)
(442161, 0.8620780239260283)
(375493, 0.8587622470427001)
(532129, 0.8627087411506651)
(578967, 0.8174910573718758)
(547816, 0.9080709476827394)
(278353, 0.9050410504430199)
(222825, 0.8184600409026832)
(35197, 0.8454500385702994)
(217219, 0.8553643112129751)
(412362, 0.7917548730820708)
(563653, 0.6977570432514617)
(191614, 0.8696345527638052)
(349184, 0.6807525907855917)
(159311, 0.8991962172174788)
(269942, 0.8027682096622617)
(551439, 0.7908022126902081)
(13546, 0.7522542614044235)
(292997, 0.5737532146364033)
(7784, 0.9292658356628427)
(189213, 0.8872228137961675)
(72813, 0.7992331493243717)
(311789, 0.771985139710811)
(82688, 0.6953713795051856)
(166165, 0.8163941253943399)
(484351, 0.9284743288808163)
(57597, 0.3416131647384297)
(284296, 0.924311777794598)
(256518, 0.8728022159536241)
(464476, 0.924282599687383)
(187144, 0.907175406281007)
(392481, 0.8851102782491742)
(285894, 0.9186892193771361)
(29984, 0.8632200840896713)
(475191, 0.7191123472686781)
(561256, 0.8824829643968239)
(136466, 0.7830428630442542)
(17115, 0.8980849243672513)
(437898, 0.7391194060086616)
(242724, 0.9382009779816431)
(445722, 0.4567623853657757)
(132116, 0.8546560795534203)
(194832, 0.7700373147509637)
(419974, 0.6727762503580114)
(64495, 0.461114344084543)
(93965, 0.957367743627836)
(242934, 0.8943398072809505)
(133567, 0.8118489451351323)
(261116, 0.7709335324740675)
(115118, 0.7654381529756599)
(94326, 0.7866738579616795)
(38576, 0.8089935914664704)
(365766, 0.6945307933544324)
(161799, 0.7353712543531056)
(179112, 0.8812403845156491)
(56545, 0.33620234318684505)
(79651, 0.8682805907881586)
(182923, 0.9014926770540791)
(537827, 0.8458045868770117)
(56288, 0.8472319111520932)
(274219, 0.8370665248380968)
(234526, 0.8822687590442475)
(441543, 0.7453836295201506)
(143961, 0.9103423023540727)
(82821, 0.8409890517581036)
(188592, 0.8298951932695866)
(439426, 0.8400928257322984)
(356387, 0.8982292718791979)
(67896, 0.8801620888001409)
(335328, 0.7733750389249685)
(94944, 0.8541723957695548)
(471991, 0)
(161128, 0.9244722647094795)
(573626, 0.735407167924415)
(92124, 0.8136074877734348)
(442993, 0.20671868964896217)
(485237, 0.7483718766342928)
(572555, 0.9300722037094982)
(495448, 0.7948089333998029)
(469246, 0.7666577987506358)
(291634, 0.8326662081131418)
(165831, 0.7636511317622687)
(259625, 0.8777599353748886)
(9448, 0.7137657229824073)
(85772, 0.8359010863555962)
(411665, 0.8779633862530244)
(184384, 0.734028874755352)
(516871, 0.7635887852901849)
(521717, 0.800825858351629)
(94614, 0.8373086328421905)
(144798, 0.8712307277006094)
(294162, 0.9341921346491735)
(1584, 0.9324289041740337)
(454661, 0.7810749574476734)
(239857, 0.7442800960647341)
(334483, 0.9080254524660616)
(387383, 0.5509922702090626)
(361268, 0.8981574888501894)
(32285, 0.886449858119403)
(436617, 0.8043774341127357)
(498747, 0.6042277228063214)
(424521, 0.8349004685433901)
(195754, 0.6514364070879456)
(463618, 0.7910763158007215)
(268831, 0.7830974124741992)
(356248, 0.688619633964485)
(452122, 0.9099326325364847)
(15517, 0.8658642715952879)
(3934, 0.8608201584164261)
(566923, 0.9606137065602747)
(263966, 0.8623708034284765)
(496954, 0.8107768057944513)
(121673, 0.8619394132556825)
(259571, 0.7861126715165553)
(372317, 0.9248177038160982)
(537964, 0.8493591465598068)
(284762, 0.8092217335412532)
(18737, 0.9291847415529354)
(252559, 0.868112174195987)
(345469, 0.3669651185895566)
(569972, 0.7884752526166929)
(51738, 0.7714126449902154)
(581482, 0.8098038676405728)
(251824, 0.5884939651765689)
(138639, 0.8273594257750421)
(337498, 0.7048926365520263)
(215778, 0.7863949321825447)
(239347, 0.68208176992804)
(148739, 0.7611245250344374)
(374551, 0.7784082401728718)
(394611, 0.8129813755501971)
(177213, 0.8894547560948974)
(496854, 0.7705755149208526)
(183437, 0.8207708807703025)
(456559, 0.852853454000007)
(246522, 0.6570637556768868)
(23359, 0.7061156255203043)
(545958, 0.906972776767577)
(113867, 0.5112159232923607)
(472623, 0.9188796248832736)
(175535, 0.8605103752298464)
(129945, 0.8127397833454877)
(356498, 0.5641581698245625)
(2923, 0.5038985806248022)
(482585, 0.8535031276346676)
(314182, 0.8070889698985139)
(65798, 0.8556723225914721)
(82715, 0.7079478109462605)
(332318, 0.623371040007468)
(465675, 0.6864383560636924)
(268729, 0.8307653467454881)
(216516, 0.8199121236559541)
(225184, 0.8736034215588346)
(136772, 0.5143603039163386)
(63154, 0.6015324936114158)
(128658, 0.16751426939887082)
(352582, 0.819120026232352)
(111179, 0.904152460277285)
(326627, 0.7353516006297628)
(492937, 0.8859536094586803)
(476119, 0.8525226419004025)
(295138, 0.7644164986343014)
(412887, 0.900852058392366)
(413552, 0.7565336687263007)
(71877, 0.9059419262142465)
(548267, 0.846922048766943)
(324258, 0.6368097593622463)
(244379, 0.8390579609604284)
(465179, 0.9448989472553961)
(227399, 0.7933844340773403)
(431568, 0.6924867866164368)
(267537, 0.8612760321578825)
(357737, 0.8184127913063479)
(255965, 0.8173356695073505)
(172946, 0.8385981418382099)
(324158, 0.803804239956324)
(237316, 0.8063090700407867)
(151962, 0.7581817504423214)
(54967, 0.9129699925258281)
(327592, 0.7659631119173005)
(262487, 0.8638994742227804)
(376264, 0.8706658093146048)
(84752, 0.8531143745486138)
(413247, 0.9303656676872724)
(297698, 0.7047756933457071)
(127987, 0.8520302796011332)
(128654, 0.7890269165400132)
(15597, 0.9196494074425356)
(34257, 0.8164244226509668)
(231527, 0.8050413533008438)
(233567, 0.9282547376264647)
(457262, 0.836521173999434)
(81594, 0.7018936447883841)
(213422, 0.6753535323222224)
(28993, 0.34376864849887545)
(558421, 0.9005812835303888)
(284743, 0.7951589513298256)
(459153, 0.8899917935154025)
(499622, 0.5970446712528472)
(117719, 0.7681118448082394)
(176847, 0.7263306580224197)
(377393, 0.8598699785092577)
(271728, 0.8103210440744476)
(481413, 0.8747082234979934)
(445675, 0.9251286931669948)
(447169, 0.886456326561377)
(293474, 0.843593072489713)
(96549, 0.7386951994052466)
(232244, 0.8838620275564432)
(38829, 0.7669867058263348)
(32861, 0.8354544267803072)
(383384, 0.9426178686406423)
(67534, 0.7188356361516595)
(452784, 0.8482090138577508)
(462371, 0.824013786797289)
(51314, 0.776131856630905)
(223959, 0.8438120916395779)
(187236, 0.8938705461687109)
(359677, 0.5924878257374969)
(486438, 0.8629132412807163)
(552612, 0.9079365487120955)
(395388, 0.9487029832029465)
(498463, 0.7606561548561391)
(93154, 0.8557184275066346)
(4765, 0.20893376379620254)
(563648, 0.8763127258792471)
(479912, 0.7555195194150305)
(182162, 0.618801061166587)
(319184, 0.9425686394544815)
(192716, 0.9155486478039031)
(229358, 0.7831387131382505)
(71938, 0.863800273247773)
(83113, 0.8701730181675521)
(289229, 0.8256046655770812)
(433374, 0.9595516105969315)
(318455, 0.8802403141604904)
(235399, 0.7874499367624601)
(317999, 0.4009551534877127)
(482436, 0.9505711961735974)
(418961, 0.7906065680615161)
(431848, 0.9463097521776742)
(58393, 0.639532109567138)
(375278, 0.8487684134304054)
(7888, 0.850933148200148)
(287291, 0.8160365487042532)
(432468, 0.7947472844440183)
(44652, 0.903323265765738)
(33759, 0.8950164241969031)
(212573, 0.8798699031316541)
(383386, 0.9004354584106884)
(144114, 0.6412678196916338)
(163951, 0.8552126561007616)
(556873, 0.8229305080701032)
(476514, 0.6974602309968159)
(193743, 0.7853581980676931)
(292236, 0.8395870382353734)
(12667, 0.9236243350353907)
(399764, 0.8334204656004354)
(398237, 0.9182577656540691)
(341196, 0.6929944322684622)
(338191, 0.9200255531788496)
(468577, 0.8346011869205237)
(78565, 0.8463096060663053)
(239537, 0.8642275907915363)
(489339, 0.729151023674399)
(337987, 0.7934537319807208)
(296284, 0.8513307572435407)
(329447, 0.8859091796043679)
(491366, 0.6202860081532)
(167159, 0.807316103125145)
(458255, 0.7755237034709691)
(382743, 0.8940673109598476)
(361621, 0.808071532024897)
(47819, 0.8275172546183066)
(296317, 0.824366158187442)
(88345, 0.8498731575578267)
(189475, 0.7183053280964116)
(87144, 0.8218275327668985)
(553788, 0.8389620083097995)
(6763, 0.8122825755396226)
(396338, 0.9064418610902725)
(363666, 0.8669694481782915)
(143572, 0.7766936243557715)
(448365, 0.9066582153611988)
(155291, 0.8973556055103841)
(376112, 0.7940516261157985)
(229849, 0.8474836718708871)
(287874, 0.856177230648718)
(85682, 0.7079720360513811)
(559842, 0.8597436225323123)
(147223, 0.9145709811508629)
(236845, 0.6742979093136888)
(262938, 0.8368464537493606)
(431545, 0.9282045103376697)
(295316, 0.7285715986638949)
(398377, 0.7750934198137733)
(31322, 0.7400173662908874)
(257896, 0.7327529553941099)
(479953, 0.8550239261335122)
(165257, 0.7108039930307393)
(394677, 0.8615963504904808)
(378454, 0.8001414514808652)
(292488, 0.8802278919396977)
(158227, 0.6568529061311701)
(274272, 0.7591926497386221)
(176778, 0.8298293689408753)
(166287, 0.8525950805879001)
(577959, 0.7698701007880258)
(417876, 0.764781604720524)
(227985, 0.711834241300436)
(556193, 0.9436595226737122)
(127263, 0.8184655182561569)
(26941, 0.8503025449952268)
(157767, 0.6862148701826832)
(356432, 0.8838291268848579)
(517832, 0.6775077037264741)
(163117, 0.8547887734140425)
(199395, 0.7192690093817116)
(275791, 0.8448762004951011)
(2473, 0.8122113088841485)
(13597, 0.7804434164150464)
(393282, 0.8995741771651182)
(75612, 0.6992919453825582)
(539883, 0.7164622244668478)
(149568, 0.6690155698524322)
(1532, 0.44109890990122785)
(321118, 0.9296205919983069)
(392818, 0)
(117525, 0.7848986310637782)
(177714, 0.7820289063882488)
(124277, 0.85278693977498)
(186345, 0.8653723918926715)
(277584, 0.6502035030071648)
(535156, 0.9019052001591156)
(292225, 0.7544988371710175)
(473121, 0.7272898125875507)
(341719, 0.7180510337620536)
(129322, 0.808244092353695)
(128112, 0.9175576161749187)
(26564, 0.8526665601121879)
(546475, 0.7724160380887175)
(492758, 0.8272749805769243)
(153343, 0.809843302940423)
(172649, 0.8237271519094351)
(577182, 0.8148567619477558)
(222559, 0.6684256368497443)
(533855, 0.9244422265426451)
(226147, 0.7392617418337407)
(152686, 0.8546853576580782)
(391144, 0.9228300884377999)
(56344, 0.7092649874315406)
(22192, 0.8785087236616682)
(114871, 0.7782431167923375)
(44699, 0.8482069782300146)
(273493, 0.8446663697238899)
(38825, 0.8167753572597156)
(33368, 0.8568599497043512)
(556158, 0.8378986245729302)
(147338, 0.5711786116546685)
(58111, 0.6482263909906254)
(227898, 0.7994576034552123)
(97988, 0.7495061500440525)
(322968, 0.8138446471219759)
(372349, 0.8269834766339439)
(64523, 0.8700887768840654)
(455448, 0.713166689713256)
(88265, 0.8565899956347692)
(246883, 0.7942388359653417)
(245576, 0.8899028702492376)
(69356, 0.6726518238519085)
(262895, 0.8770468197388754)
(475484, 0.8125491659067605)
(348881, 0.6485434526123635)
(568981, 0.7859297663515055)
(578545, 0.7311961154075461)
(158548, 0.8778090582412432)
(263796, 0.9010942644099479)
(19924, 0.7200133295803279)
(191288, 0.8607425106128621)
(39769, 0.7870241380159207)
(555412, 0.7829111558097895)
(86582, 0.8061998540796568)
(579321, 0.7735596788697066)
(255747, 0.8525401254681377)
(7795, 0.9223374303383981)
(555597, 0.9559216180259655)
(183965, 0.8320703860712277)
(35326, 0.6640829279789967)
(1268, 0.8250039383024005)
(231125, 0.7956572107913029)
(344268, 0.7994551414220492)
(415716, 0.842416829799161)
(511398, 0.8617976491236377)
(345261, 0.9527967237543388)
(426297, 0.8458151159673811)
(6471, 0.7880941486637222)
(249129, 0.8004871823548017)
(31817, 0.6798257325673847)
(548339, 0.8310786844450094)
(281759, 0.9190355834883261)
(168337, 0.8503285441940504)
(131431, 0.9263914889628333)
(226592, 0.763057806916211)
(427256, 0.8830760922584018)
(284623, 0.8028478789288187)
(423229, 0.8096062912038684)
(299553, 0.5277332924782514)
(315219, 0)
(61584, 0.7712526752236633)
(55528, 0.6998024658421672)
(264535, 0.8738591496189777)
(338624, 0.8153782916024596)
(38678, 0.8297180132069467)
(245173, 0.6386403582526317)
(67315, 0.805169464586669)
(418281, 0.9192894772270591)
(245513, 0.7378260182016192)
(565962, 0)
(224724, 0.6338073173967191)
(565624, 0.8857485812611454)
(151662, 0.8333242336378816)
(282298, 0.8089695369336232)
(297562, 0.9196894254971159)
(499775, 0.8972462274816551)
(128598, 0.9197950306083402)
(222235, 0.7606610840189818)
(482477, 0.7683442984991897)
(74646, 0.6197080632574318)
(145665, 0.7195054845079942)
(79188, 0.6818894320933236)
(231339, 0.9250425276168658)
(61471, 0.8196794110187154)
(177893, 0.8659629520264125)
(439525, 0.7667119661169036)
(115885, 0.882939486159871)
(157138, 0.8208833283597492)
(153529, 0.7825961781523862)
(885, 0.8426958110424523)
(296649, 0.856650672490041)
(321333, 0.901351086398307)
(522638, 0.8501727434244598)
(47112, 0.814713520264543)
(14473, 0.6872387431511457)
(141671, 0.7357529859700228)
(563267, 0.6261394304987646)
(195918, 0.7760443181349774)
(476415, 0.81296397494673)
(452793, 0.8802326388100081)
(485424, 0.6708878261882427)
(129135, 0.8439504244526246)
(557258, 0.8806850808681684)
(118515, 0.887996558575384)
(395343, 0.9527437150713778)
(345252, 0.7097028897965244)
(16451, 0.6197207153070841)
(474167, 0.6368356323142889)
(384949, 0.5014700044291169)
(467776, 0.7100232848762216)
(52412, 0.6981932566005528)
(515579, 0.6677295715725726)
(375763, 0.8590405180627516)
(396526, 0.7181022430676253)
(552371, 0.9146812874509586)
(323496, 0.8021923979066178)
(21839, 0.7848312534981202)
(511599, 0.8027499017243236)
(217948, 0.9477995175823977)
(379476, 0.6807147707368315)
(86956, 0.7020063221240003)
(386277, 0.9522107496723404)
(463849, 0.6253775001738038)
(233771, 0.8260236684954781)
(11149, 0.9279986634627725)
(286458, 0.8146979681937846)
(272566, 0.789278152466636)
(91779, 0.9007187430775557)
(357567, 0.430746930555777)
(445439, 0.9617506912770809)
(426376, 0.8694575377367455)
(287649, 0.769049104864249)
(473974, 0.8965791129423878)
(425925, 0.5452987935921882)
(471893, 0.907613810221104)
(189775, 0.9268909384238014)
(293324, 0.5505064240421383)
(241326, 0.7480491364610926)
(99428, 0.7085155222815108)
(158945, 0.9047599067029111)
(518213, 0.8156369207587799)
(533493, 0.7434906608583058)
(191672, 0.672639498831572)
(159684, 0.7716071699031477)
(33114, 0.8758221873016399)
(451693, 0.8728085119893209)
(68933, 0.9118825667937516)
(36936, 0.806071402022132)
(526197, 0.8301334246529883)
(213171, 0.8726974562233357)
(392228, 0.9321512802804901)
(416837, 0.913453382689011)
(249786, 0.808070816975135)
(573943, 0.6616340774104778)
(254814, 0.0)
(442836, 0.8000967556484033)
(425221, 0.43998173780518846)
(296231, 0.6182808937580206)
(231879, 0.739935580100654)
(281447, 0.8980089082558222)
(117744, 0.7541915250618747)
(355677, 0.7861131055273171)
(134722, 0.8887350073921818)
(246963, 0.8442181138581635)
(185599, 0.9371042101654155)
(222863, 0.9055206860254346)
(166478, 0.8401527917029488)
(133343, 0.7646099921391141)
(69795, 0.7648325586971336)
(188465, 0.937261742867981)
(351559, 0.8929531157038596)
(8762, 0.7175078152414265)
(156292, 0.9205721204044943)
(394199, 0.7808174017291921)
(263463, 0.8081136266107767)
(444142, 0.7475350745660861)
(255824, 0.8858860907785044)
(522393, 0.6466942243393364)
(222299, 0.594914631204817)
(176799, 0.8036659693795738)
(281414, 0.8013176598657643)
(16598, 0.882478794426236)
(138115, 0.7696895491617679)
(73946, 0.8877306551158739)
(154431, 0.8677418355736274)
(343561, 0.8497412463234544)
(257478, 0.7362683375191089)
(376442, 0.8850992775930014)
(465585, 0.7267193108059331)
(488592, 0.7354124054240142)
(569976, 0.8736767511161768)
(495732, 0.6346048056490687)
(315187, 0.8289830675282119)
(569825, 0.9398909236712989)
(389315, 0.9144286819491151)
(116825, 0.8494332615083282)
(125778, 0.80484216920278)
(179392, 0.8699304759229087)
(168593, 0.8862123825203085)
(336265, 0.7851409387072888)
(535578, 0.8777877985943983)
(323151, 0.7627116783664823)
(277689, 0.8947310178616539)
(356968, 0.9112713380896692)
(236426, 0.8898746351332916)
(494427, 0.8426881621323662)
(81738, 0.7832900660129415)
(48555, 0.7440344011445141)
(161978, 0.8272858367183777)
(76731, 0.8268508538892114)
(549136, 0.7389769040650899)
(119233, 0.7853806422092522)
(329614, 0.7559533676400161)
(179765, 0.7731461331034374)
(193717, 0.79157476667368)
(356428, 0.890883639019447)
(519338, 0.8804542464479859)
(431876, 0.790473443136492)
(579655, 0.8123140394554499)
(326174, 0.8909827184082311)
(411953, 0.7666896792962894)
(289343, 0.7302729402996445)
(171788, 0.7788197868227825)
(522889, 0.798755218005781)
(124975, 0.9108374724119191)
(11699, 0.8961670505458921)
(113354, 0.8243838694235291)
(23781, 0.8443421604907938)
(98716, 0.8701178591501271)
(445658, 0.7986978595060998)
(187243, 0.8687070903642746)
(429598, 0.8095199106792219)
(475223, 0.9053377551090888)
(36678, 0.7193688305189037)
(355817, 0.6846972612812237)
(527784, 0.8069022944378846)
(126137, 0.8514409373870198)
(161925, 0.8325248382006022)
(94185, 0.9097012577925113)
(423123, 0.565495730622249)
(724, 0.6498459508393537)
(215644, 0.8194907505777326)
(231169, 0.8275754417851117)
(49269, 0.8643091847334077)
(231549, 0.9160286255399634)
(429281, 0.7190189648964016)
(131131, 0.763152643930241)
(122672, 0.7831525718226563)
(23272, 0.8118522702281776)
(71226, 0.808362034156892)
(153669, 0.6789726000829308)
(393569, 0.7810704962523053)
(233825, 0.7741753421795765)
(543528, 0.9372881355474832)
(379332, 0.8625532830830495)
(366884, 0.5243498258578505)
(562581, 0.6308936094607426)
(151857, 0.7889431092667121)
(244411, 0.9702127685649942)
(81766, 0.9054473427731435)
(294695, 0.78427731407457)
(269682, 0.6252641440456762)
(489924, 0.6388040396078496)
(455624, 0.9376744248354395)
(415748, 0.5718008076433916)
(479448, 0.9189651450913523)
(461751, 0.6311752704656313)
(88462, 0.8864068552342226)
(245311, 0.8648348788287041)
(512648, 0.9531860952988063)
(462614, 0.8463401132354459)
(565776, 0.7052330273929475)
(313588, 0.8129753518457556)
(254516, 0.8298155742280799)
(229216, 0.9537208766003121)
(28452, 0.8351676732937973)
(393115, 0.7787691602612102)
(355325, 0.7867591588465709)
(292415, 0.7928856601768128)
(514979, 0.9678453493564698)
(417285, 0.5850109594971248)
(267434, 0.9350741037472327)
(334767, 0.9089198132592109)
(334399, 0.9081792533990705)
(482978, 0.8608561118468092)
(378284, 0.5807799145269564)
(314177, 0.9015430317176584)
(35963, 0.765658882250896)
(131138, 0.8685585008931795)
(127624, 0.7040654240818108)
(436738, 0.7930666349503662)
(372466, 0.8041408025550147)
(382111, 0.7894468780035547)
(25986, 0.8343253042139319)
(93261, 0.7403520866134083)
(486112, 0.8901282002142571)
(445792, 0.777745649415214)
(175251, 0.8131215331391589)
(527528, 0.7622641708857616)
(579893, 0.868911905817277)
(481159, 0.8380736769114002)
(459887, 0.7586868240624168)
(253819, 0.8945636785261065)
(183648, 0.9044970436563571)
(432898, 0.8734533359805094)
(412286, 0.7294212294818184)
(239627, 0.8391160989462977)
(458223, 0.6872229631913834)
(548555, 0.8492785457653576)
(36861, 0.8185521303744221)
(437351, 0.7961081935253522)
(397639, 0.8731249106393207)
(186422, 0.8998254884700445)
(522713, 0.7935249842074233)
(248752, 0.772895285681414)
(274411, 0.7439004001050065)
(312421, 0.7915990329595224)
(33221, 0.7680874070807873)
(194471, 0.803742953895981)
(15254, 0.9021205572387994)
(492362, 0.8990431086495211)
(52565, 0.9566391592039919)
(113235, 0.812942952386822)
(281693, 0.7420013167210145)
(397133, 0.773341046857866)
(396274, 0.5365057150405245)
(542776, 0.8094885855608936)
(424349, 0.8687576570621518)
(255536, 0.8920159053349965)
(574315, 0.8137959859376858)
(516173, 0.771221495599377)
(257624, 0.8919285415485634)
(412531, 0.859620838040602)
(411817, 0.9130040769809126)
(13774, 0.7227584673868253)
(499181, 0.833192603186792)
(333237, 0.8499146031943857)
(245448, 0.9261062888658615)
(83172, 0.7323012702931517)
(516316, 0.9182299758328744)
(264968, 0.7340585450499122)
(279887, 0.88308476572876)
(414133, 0.8714710467495606)
(261732, 0.7622442834370378)
(227765, 0.8157695039636232)
(364166, 0.9038245206513338)
(263594, 0.8705673376891685)
(553221, 0.8529078355056182)
(51938, 0.6574363469241667)
(162415, 0.8377005235961112)
(345361, 0.7612811213865833)
(464251, 0.915431593809533)
(295797, 0.8679376381711)
(376478, 0.9059115366252377)
(451435, 0.8784144797282104)
(348481, 0.8978328746808625)
(392933, 0.8829376599815609)
(362716, 0.7787158584629998)
(196442, 0.5218364005747262)
(87742, 0.7706240421296818)
(326128, 0.5766523294312922)
(123585, 0.9436534219226732)
(97337, 0.8849356630498867)
(322864, 0.7531571964501929)
(369675, 0.7704584385564355)
(377239, 0.8572330352286991)
(181969, 0.8551516095286894)
(69224, 0.8336359387733335)
(579635, 0.6762732054493344)
(112298, 0.814185258568104)
(81394, 0.8660189282606433)
(311295, 0.6945795249664031)
(6894, 0.776912938345993)
(319696, 0.8539881659098477)
(164363, 0.8839698019982469)
(121586, 0.9302429816839888)
(284445, 0.879515329725584)
(319721, 0.9026393163513085)
(386352, 0.8696624144167164)
(553511, 0.7811254103917047)
(188689, 0.6919850020249679)
(537355, 0.7583812324217266)
(192871, 0.8300387473195905)
(165713, 0.822079722247334)
(154644, 0.7892443950024055)
(526256, 0.9443538809677584)
(65455, 0.8973725398623429)
(476215, 0.8321591682059546)
(562443, 0.7627396186566816)
(445365, 0.9186908760692795)
(536947, 0.8204228364312447)
(53626, 0.8065827736101658)
(39956, 0.6100190560997714)
(467511, 0.8523408078657196)
(261982, 0.7452486114518416)
(187585, 0.7721688611393682)
(116589, 0.8871947462420351)
(167122, 0.6052922672332922)
(234779, 0.947595627626528)
(222735, 0.7895191525222955)
(188439, 0.8926075035284032)
(325347, 0.7890202783656106)
(85576, 0.940686066316417)
(554328, 0.8814075263591461)
(515828, 0.6182715645998766)
(59635, 0.8745330062980338)
(491216, 0.7265555167311019)
(575243, 0.7501461445515835)
(163314, 0.8643309904563117)
(368752, 0.8157906569669033)
(125257, 0.6987324831685355)
(376278, 0.8502629162202875)
(235784, 0.6098277137924839)
(168619, 0.88338284784181)
(246968, 0.7694438610747716)
(141597, 0.8267792571343345)
(343453, 0.7445781289594733)
(554735, 0.9048962853559845)
(533816, 0.9139022914112891)
(547144, 0.8271932519127422)
(514797, 0.8496777683800096)
(299887, 0.8569191913488754)
(29187, 0.7840631700534874)
(34452, 0.7183100927740534)
(485844, 0.8433429275310029)
(335658, 0.8480555342559363)
(324927, 0.8948199289302732)
(523175, 0.8614155629348161)
(389451, 0.9141375693637844)
(4795, 0.8912192969914221)
(537812, 0.8205583320836791)
(492282, 0.8607601941967833)
(275392, 0.6636957795707337)
(377635, 0.5780636624775073)
(59386, 0.7840714707600658)
(135673, 0.8458937511144097)
(295713, 0.8308424150138309)
(49761, 0.7969595715717164)
(229553, 0.7555880108487607)
(343934, 0.7933079966484058)
(562197, 0.15125008040274995)
(152465, 0.7007556030854237)
(372718, 0.9008444342500525)
(163682, 0.8839959538623976)
(331317, 0.848947661442891)
(172571, 0.7553067440429915)
(177935, 0.8428219608676041)
(271997, 0.7872951747523509)
(122969, 0.8763986983993559)
(171757, 0.8272197258246183)
(525322, 0.8656080918347744)
(521259, 0.7474661531965747)
(51976, 0.7157039930658825)
(465718, 0.8222987594448311)
(54592, 0.8335012256851838)
(438269, 0.7184639792385321)
(423519, 0.9552323741844523)
(73153, 0.753345824369074)
(541123, 0.8249511344074636)
(41872, 0.7286027333860272)
(311392, 0.7662873450723907)
(416269, 0.9191283750793805)
(459662, 0.8990033464648551)
(151629, 0.7910988030324491)
(558114, 0.866056694651678)
(28449, 0.9296400777590302)
(123321, 0.7612318892242821)
(7511, 0.8298109129007567)
(125572, 0.7473164425642663)
(553669, 0.7370738694211789)
(241668, 0.7212659149060409)
(99182, 0.8430048726187577)
(388215, 0.8923821320643133)
(546976, 0.8078034394892142)
(68765, 0.8987442599711126)
(27696, 0.736537370679387)
(27186, 0.914147599321259)
(43737, 0.7197719770311912)
(236412, 0)
(128699, 0.8514233963920969)
(389532, 0.9247671739027901)
(487583, 0.8214254172203066)
(551215, 0.8979987757966085)
(123213, 0.742900568068397)
(272416, 0.912275981173644)
(538458, 0.8451613334511227)
(115946, 0.6554354609068123)
(466835, 0.7977014536451098)
(232684, 0.8930757530660828)
(319617, 0.8451871829556771)
(162366, 0.8629830924274832)
(416451, 0.6270324483195031)
(525247, 0.843518362268238)
(326462, 0.7943263869759354)
(575187, 0.7789575759346425)
(175364, 0.6378834031430966)
(563281, 0.7551984416366343)
(433243, 0.8407167182713018)
(272136, 0.6678708866408969)
(468954, 0.8203461548174084)
(237517, 0.7736856122848416)
(429761, 0.8609399169278156)
(186938, 0.918803979207565)
(142971, 0.9188738338075585)
(7281, 0.8954040113988722)
(435299, 0.718799921998923)
(153229, 0.8128544092307505)
(214539, 0.8438683093998645)
(464872, 0.7581571965327027)
(554838, 0.8582384545870674)
(364557, 0.6544409272443648)
(417465, 0)
(499313, 0.4659959552750184)
(96825, 0.4546275873118822)
(343218, 0.808828107890379)
(256941, 0.8436974690211183)
(332845, 0.5742973296368482)
(1675, 0.6930847891044205)
(469652, 0.8667298778123833)
(368982, 0.7673284533174631)
(321214, 0.8912418404084712)
(8844, 0.8623124004890739)
(539962, 0.0)
(544811, 0.8568697292918771)
(117425, 0.8002585414898761)
(232538, 0.9538295097470849)
(238866, 0.9270274433295979)
(384468, 0.8646316058854783)
(166426, 0.754830119677476)
(377575, 0.8768192767385556)
(284279, 0.8683338946347968)
(567886, 0.8378401756893401)
(376856, 0.835733170484389)
(57149, 0.9569483549442318)
(228942, 0.9090384745490081)
(58539, 0.8828981049539332)
(453981, 0.782180686607518)
(488664, 0.5604264443411707)
(61747, 0.8793736215308061)
(284991, 0.8505265039262484)
(314294, 0.9278615112253558)
(381971, 0.8055577462778876)
(243148, 0.8816782796950589)
(193884, 0.8260242815290446)
(545129, 0.9360337113317195)
(328337, 0.881085370829904)
(512476, 0.8212918313081362)
(159458, 0.8310670768754722)
(338625, 0.7629764404560371)
(145591, 0.6675441813465923)
(197528, 0.8072123294336819)
(386912, 0.6172420128500385)
(425361, 0.8095540557878428)
(566436, 0.8328455854028651)
(252716, 0.8371867379089187)
(432553, 0.7493331317260855)
(569917, 0.833059214582164)
(468124, 0.8788779007371168)
(581615, 0.9150412402117818)
(234757, 0.7415595350483152)
(346638, 0.844414088233472)
(227482, 0.8430976567250685)
(481567, 0.7643606168118002)
(32887, 0.5967425470262077)
(523194, 0.8293891596318966)
(555972, 0.8038096785743452)
(64868, 0.7810564245466246)
(572678, 0.7819718487251488)
(416256, 0.8467458738179876)
(529762, 0.7545149038776964)
(417911, 0.8889297671905472)
(346232, 0.848226592360409)
(433515, 0.634326611413486)
(12576, 0.7776643300943789)
(287667, 0.7668600876928624)
(6771, 0.9446484544844984)
(121242, 0.810526686902717)
(7818, 0.7757500117240435)
(491757, 0.8307452362524428)
(482735, 0.8127577846309717)
(537991, 0.7491336896393263)
(164115, 0.8822023309916608)
(69138, 0.7122563947910271)
(569273, 0.8319757721834516)
(79969, 0.8404861691004275)
(131938, 0.6876940907052571)
(334521, 0.8922272665382646)
(46252, 0.7579268381730032)
(556765, 0.9128462486645221)
(544444, 0.8545744323384865)
(288391, 0.9076440165174837)
(61268, 0.6958907208222453)
(218439, 0.7765858743634999)
(228214, 0.738724137098266)
(344816, 0.9222425270068103)
(415741, 0.5042362876971118)
(455352, 0.8075158096587806)
(6723, 0.6429941752103804)
(342367, 0.9441667202029042)
(258793, 0.5840691881294627)
(313562, 0.664895547846296)
(139, 0.7867991531294292)
(567197, 0.6095024073853578)
(281929, 0.7681341458563371)
(39951, 0.7074033383337665)
(336356, 0.8541411150680843)
(298994, 0.7212576757902172)
(776, 0.8876675811810755)
(39914, 0.8476523344057924)
(94871, 0.9027288638700907)
(381587, 0.6791238412772842)
(526751, 0.7474585775477922)
(35682, 0.7919501473949101)
(189828, 0.9638622596268558)
(248112, 0.6472515763864317)
(451144, 0.635446260414802)
(26465, 0.8390808456623535)
(137246, 0.7806468301641769)
(117914, 0.8597733951897615)
(87244, 0.788455973589297)
(136355, 0.6591906763981698)
(73533, 0.8295701141769373)
(1425, 0.891153619766007)
(444275, 0.8520578949983254)
(229111, 0.7919621004151697)
(356125, 0.8602902550670707)
(521231, 0.9506889474818712)
(554291, 0.7993950088987123)
(71756, 0.8690371512300819)
(534673, 0.8348546433910691)
(535253, 0.8456148008989781)
(453634, 0.4443214556772527)
(22371, 0.855603267462589)
(439623, 0.7977600279030145)
(523957, 0.7764744607242161)
(455555, 0.8265113740824519)
(191845, 0.9101924248123756)
(263425, 0.8053064382518926)
(252219, 0.9247682371928992)
(138492, 0.86743448395546)
(191761, 0.7786897914100013)
(264441, 0.8017114533955267)
(122927, 0.9627902430288585)
(54164, 0.7603467527868533)
(146358, 0.7271756797236041)
(563758, 0.6141901795795988)
(343315, 0.8432646216079435)
(161875, 0.9396223655160669)
(418959, 0.8083478914329062)
(15272, 0.8023930902549085)
(343524, 0.8745864541156187)
(325483, 0.7450207652387362)
(379533, 0.8955685632983335)
(373315, 0.7241975158780971)
(155179, 0.8945002221879128)
(23899, 0.7983892467179006)
(214869, 0.6662180646590303)
(282912, 0.8282153578358077)
(439522, 0.9434569023013996)
(453722, 0.8090763334196769)
(168974, 0.4877354137771613)
(451155, 0.8357825802651258)
(349152, 0.8366518335663129)
(485895, 0.834783271335612)
(133819, 0.9302636351039815)
(45728, 0.8051032622525085)
(565469, 0.5291856155970028)
(7278, 0.8873224148729629)
(155571, 0.8720818352917886)
(286523, 0.8217314971749453)
(83531, 0.7772512319155016)
(328117, 0.9472110168733529)
(126226, 0.8844974974345776)
(439773, 0.8742520493365441)
(85823, 0.9307480699190221)
(12748, 0.9106227476198027)
(415194, 0.6433716047407076)
(179174, 0.806660480657655)
(67616, 0.8350896536161343)
(47585, 0.7727432450435606)
(387387, 0.6959683274030255)
(196759, 0.7555401586329791)
(199771, 0.7087428960940242)
(187734, 0.8070681189546784)
(217957, 0.8890110065448825)
(32817, 0.8912204311862312)
(167486, 0.6930387282855457)
(562448, 0.7251498709181036)
(398652, 0.82540903041849)
(416991, 0.43851821257694706)
(513524, 0.9028198235280674)
(382125, 0.8436268669723456)
(513283, 0.8579975820995511)
(428867, 0.8242292176765246)
(438876, 0.789179547285181)
(529148, 0.6298076478003911)
(531135, 0.8152904402989959)
(458992, 0.836698961561629)
(273711, 0.8123724935075176)
(365642, 0.8115860323194234)
(227511, 0.9354608602622738)
(68387, 0.7622410342916565)
(127955, 0.8984431492185818)
(25228, 0.7243749717034084)
(165336, 0.9221329591294093)
(436551, 0.8222004243393186)
(272364, 0.8868029766885839)
(58655, 0.7744279581543863)
(268378, 0.7763634247849579)
(437239, 0.7765781920344915)
(149622, 0.7541975594064302)
(79565, 0.958228326777535)
(321557, 0.862661882045209)
(89296, 0.7896965398832685)
(581317, 0.8706606686023257)
(376625, 0.8479232264099448)
(289222, 0.8561425089785826)
(577862, 0.9380326689411794)
(383676, 0.8907912953443298)
(431693, 0.8235040098810386)
(488673, 0.7739667879472352)
(459634, 0.8904579967802945)
(255749, 0.9180236750433373)
(322944, 0.8946163288717716)
(421455, 0.6869183503223415)
(51598, 0.9363015912958434)
(254368, 0.8588728348540116)
(212226, 0.7202181372517598)
(1761, 0.8584148776134776)
(325838, 0.8274933995193237)
(71451, 0.7529280422359029)
(439715, 0.80044599868378)
(82696, 0.8490044305920718)
(1353, 0.7905880172511238)
(162732, 0.8692677165448313)
(567825, 0.9026097913137735)
(491867, 0.7976142880025874)
(363461, 0.7880595505559915)
(385719, 0.7683156472122683)
(273232, 0.6741519001568712)
(331799, 0.8182609364149536)
(528314, 0.8540132320250157)
(42528, 0.8142183058544931)
(476258, 0.8041146609626262)
(178618, 0.8371452033097185)
(429623, 0.8444596398948079)
(289938, 0.8249981801029722)
(161879, 0.7573449372021713)
(312263, 0.8959385921402974)
(229997, 0.8969072229680186)
(231822, 0.8367416160036522)
(269196, 0.8695965896889084)
(15338, 0.690287096463261)
(437331, 0.7640508012445324)
(478474, 0.7719707684441494)
(447342, 0.8480991393697384)
(98287, 0.8639082426115318)
(129756, 0.8643808244459968)
(221291, 0.839524324281469)
(534639, 0.8709454907349721)
(253386, 0.8627259409355521)
(131556, 0.6559307005424224)
(194746, 0.7201737932437926)
(232563, 0.8616971280953986)
(558558, 0.5470147978812003)
(246454, 0.8697883875639794)
(151657, 0.7081020663163661)
(515266, 0.8802710490297441)
(16228, 0.7507497136342642)
(333772, 0.7995503116765456)
(51326, 0.8497317312054421)
(144333, 0.7691127561616531)
(533958, 0.7219714884900095)
(262682, 0.6436398361898541)
(576654, 0.8196634443171169)
(54593, 0.79792556770248)
(472298, 0.7858987872897996)
(79837, 0.6437481467091715)
(455157, 0.8963213108379984)
(225532, 0.8622783026014208)
(376322, 0.6868898020740941)
(368335, 0.8654136340850693)
(166166, 0.7335526623502411)
(98839, 0.8269769379218657)
(428111, 0.6846237093199523)
(47828, 0.7526216689460841)
(214224, 0.8720102692878285)
(258541, 0.8527750968245396)
(97924, 0.7659915434477487)
(533145, 0.6236550757930389)
(378116, 0.8034824777117038)
(179141, 0.8782172079251568)
(565597, 0.5884614407984436)
(546325, 0.8303469271144666)
(243344, 0.8164373373628151)
(496571, 0.8255080219855753)
(342971, 0.7863980075810668)
(294831, 0.8163810686586205)
(129812, 0.7722182299619046)
(423617, 0.8689082689486431)
(89697, 0.8125879708116392)
(527427, 0.8337857481784777)
(64499, 0.6834652285275133)
(147518, 0.7990535166741903)
(187249, 0.7344744478159124)
(439854, 0.8891900356309632)
(333745, 0.8786978174388712)
(287527, 0.7469695242528529)
(566758, 0.9496448343003792)
(359937, 0.9013289442280065)
(65485, 0.8690448193199709)
(454798, 0.8537101795859833)
(245651, 0.9175477265768777)
(344614, 0.895088742494264)
(36494, 0.7184963909006042)
(472678, 0.8910124098188583)
(223188, 0.787155184406449)
(172617, 0.8683737934168755)
(377588, 0.8703608010711126)
(318238, 0.7868129395347271)
(82812, 0.7619810763136394)
(249643, 0.813366217379013)
(42889, 0.8247896867587907)
(446117, 0.8231362910924467)
(538236, 0.785433529945859)
(199681, 0.8524785362262142)
(369541, 0.843379022085463)
(482487, 0.6697018927100292)
(312192, 0.6551747795652983)
(136915, 0.7770028638280989)
(411774, 0.7656525664799181)
(492968, 0.9013178553883188)
(442661, 0.8097882357009475)
(185157, 0.5269318509793296)
(229659, 0.8554618439799804)
(133969, 0.9270630901846086)
(166521, 0.8982729902035146)
(213935, 0.9244481510193114)
(218997, 0.4325989015334065)
(166563, 0.8815724949721184)
(442323, 0.8599704302722412)
(492992, 0.9220406644383734)
(416745, 0.7315973093712789)
(564336, 0.8221220073381232)
(88485, 0.9485728979479763)
(217425, 0.8116795212930857)
(513181, 0.5850693457912568)
(255664, 0.870523532381593)
(112997, 0.8703145265149236)
(178469, 0.44257318941366697)
(66926, 0.935970673125774)
(274687, 0.8170030925171303)
(319369, 0.7514710577545877)
(327769, 0.7532464257063747)
(565853, 0.828477005927138)
(236784, 0.7437037421690513)
(25424, 0.8318643733299802)
(213445, 0.7226277304316684)
(182417, 0.7960103081950082)
(42276, 0.28050195973854286)
(513688, 0.8614334073113176)
(244833, 0.7913315754652656)
(32811, 0.8077034576366273)
(64718, 0.7674424325880395)
(441553, 0.8255757072099043)
(237984, 0.7271667972386442)
(516143, 0.9019193083508257)
(148662, 0.8606309087515434)
(66523, 0.8150743901494677)
(211825, 0.8445692800401498)
(237118, 0.930981760631258)
(287714, 0.7537529592399094)
(13659, 0.8313692039721333)
(224664, 0.7235831814824147)
(38118, 0.8277460289171182)
(186624, 0.7244282865809576)
(358195, 0.84001741853032)
(292456, 0.42093127193279933)
(91615, 0.690059913928352)
(234366, 0.613724786745894)
(571893, 0.600883672085313)
(1993, 0.8958782529710184)
(187513, 0.6541437957758066)
(285349, 0.8010751646573843)
(521719, 0.7210283096542377)
(17627, 0.8872557456405511)
(17899, 0.7320048185819864)
(384513, 0.8495448200750682)
(289417, 0.8967712720529789)
(519764, 0.8615471438293124)
(221754, 0.5807718896954209)
(357238, 0.7782494520338648)
(31749, 0.5693825446758228)
(466986, 0.6760200704668965)
(22623, 0.8146903424674947)
(269314, 0.40817500193028844)
(399296, 0.7762052995566308)
(216277, 0.876588173181775)
(266892, 0.161256578669121)
(257169, 0.8236816877847866)
(229753, 0.9076348767722772)
(42563, 0.8549648551519933)
(226171, 0.8628083646068041)
(441247, 0.8462882995905145)
(449579, 0.8052194130205517)
(187745, 0.7514162580343473)
(39484, 0.8274304337766905)
(87476, 0.8294298680190685)
(438226, 0.7846491176593466)
(196843, 0.7941384247286156)
(872, 0.8332037138409794)
(294855, 0.954668355337228)
(532493, 0.8033445512409856)
(336587, 0.9312679906114986)
(193494, 0.9252850018888484)
(295478, 0.7758411015676812)
(132329, 0.8188394146527928)
(273132, 0.536139541559733)
(78823, 0.7927215121580414)
(78959, 0.5928251818431678)
(138241, 0.8458916732217506)
(546829, 0.8884104164722857)
(266768, 0.7897104740846183)
(286849, 0.9042739334053261)
(368456, 0.8508565199150387)
(61333, 0.7207514353863195)
(218362, 0.9451040201497746)
(328238, 0.8726822644388926)
(173799, 0.932321402798354)
(255718, 0.8831954020623055)
(163118, 0.7980856547064228)
(163257, 0.789545392552352)
(233238, 0.8123098298194912)
(84431, 0.8802424507913558)
(289586, 0.725581854960724)
(541291, 0.7251024389452615)
(334371, 0.7630860966914366)
(544565, 0.7158789983859851)
(69213, 0.874125861781259)
(199551, 0.7733328494345324)
(553664, 0.7708579924927743)
(378515, 0.8278804205059963)
(18519, 0.8330229190530735)
(261161, 0.892695396267311)
(394328, 0.8937570844449977)
(367195, 0.8013155403491254)
(134882, 0.7263807584846412)
(27982, 0.7913934553567694)
(133418, 0.8536437639872334)
(297343, 0.8966200492442201)
(424135, 0.8377017418811208)
(457559, 0.9309980052971203)
(128476, 0.7676019012688032)
(418696, 0.474611296147282)
(223747, 0.27320137773477565)
(221213, 0.7614609898710242)
(571598, 0.8910790905129149)
(223955, 0.852453876665406)
(388258, 0.7276415395910809)
(425227, 0.8690293276696339)
(427997, 0.7430762703114474)
(551794, 0.8375821081916508)
(24144, 0.8970839556347134)
(243626, 0.8653371699408268)
(465549, 0.9191904675911572)
(467848, 0.789490935045472)
(161781, 0.8859391764694023)
(177489, 0.7660620856496883)
(164885, 0.8321484788005827)
(281687, 0.8199005527429457)
(159112, 0.8441101327710387)
(533536, 0.7972140256694088)
(37777, 0.7916054292247807)
(189752, 0.7695018898226753)
(169996, 0.7544073226154738)
(31118, 0.6971112262124733)
(41635, 0.8976436857020179)
(366611, 0.652577176737531)
(293625, 0.8602963067111448)
(535523, 0.7875209354561945)
(455937, 0.8005648900996868)
(53624, 0.7540531728121255)
(3553, 0.8176868733315981)
(572517, 0.8665392549183815)
(183246, 0.7320938223642726)
(146457, 0.8853555823848334)
(345397, 0.7568694225247553)
(382696, 0.8266241375701984)
(443426, 0.785816221231362)
(361147, 0.7489121279744833)
(122962, 0.8554790977412742)
(25393, 0.8190436129314781)
(159399, 0.44002727989695944)
(68833, 0.5528407060384968)
(357742, 0.7344842547799801)
(392722, 0.8516441389870065)
(2587, 0.626379623090351)
(478136, 0.961188430973474)
(362434, 0.9090022033455879)
(455267, 0.7808841198488004)
(266981, 0.7986908693783747)
(449996, 0.6962265169806032)
(227686, 0.8178068731830748)
(382122, 0.7888101205627663)
(456865, 0.7089678132295358)
(413689, 0.6218347953605109)
(61658, 0.8828655788131916)
(263474, 0.8612636019423203)
(138819, 0.830365865043996)
(568147, 0.7892568262276981)
(138856, 0.586428118175361)
(371529, 0.8799543946762771)
(114884, 0.8973847089872502)
(289741, 0.7452955962691215)
(397681, 0.6380309919566391)
(352684, 0.8782757465723063)
(229221, 0.8809386153435422)
(391648, 0.6163295183404409)
(136334, 0.6472465487470105)
(125952, 0.7670109279358557)
(42628, 0.9201526641766988)
(497628, 0.40952232544179323)
(423971, 0.896032333035182)
(169356, 0.7622301153307067)
(449312, 0.7408944379017199)
(286994, 0.8738688634628726)
(347693, 0.09858621891813396)
(574425, 0)
(424642, 0.8588542230643247)
(561465, 0.875452574518167)
(291664, 0.745037923120792)
(369757, 0.8776823437160883)
(17436, 0.7879116074046065)
(426166, 0.8446712270088049)
(189436, 0.8189277273914047)
(411754, 0.5611381188590476)
(445834, 0.906806526612828)
(534827, 0.8750493358173396)
(493442, 0.5134185442021377)
(173371, 0.8230184819520752)
(213816, 0.8537964006300963)
(58384, 0.8987792531523898)
(68628, 0.8659762710085986)
(223182, 0.8404432938194754)
(176857, 0.8558380696183554)
(494634, 0.7699615057596256)
(19432, 0.7652092441459363)
(526728, 0.7791821358883703)
(52996, 0.8045214544089402)
(137727, 0.7406208661440594)
(473237, 0.8006053939175128)
(373382, 0.81692769910505)
(251572, 0.86947552028117)
(547886, 0.8993067177110092)
(364297, 0.8157510791564514)
(181499, 0.6018394407281267)
(11511, 0.86201751899087)
(574823, 0.6869622067765617)
(22935, 0.859991419498422)
(33638, 0.9153109751942597)
(482719, 0.7746224552723389)
(172877, 0.6409427811432166)
(236592, 0.9320013850325499)
(128372, 0.894208577978721)
(122166, 0.8241970450179706)
(252332, 0.7522274519455463)
(361571, 0.7917435580396429)
(493334, 0.7926050786715437)
(88951, 0.8198055461052332)
(153568, 0.7794278434731499)
(142324, 0.7971166458406579)
(76468, 0.8675282096218975)
(296657, 0.9217775988179147)
(581357, 0.8726886287628846)
(564133, 0.8369437799475052)
(32941, 0.11181093316062184)
(356261, 0.9366174552960265)
(452515, 0.820622128211731)
(522751, 0.8334637085535471)
(241297, 0.8563592583101414)
(24919, 0.9017380515874649)
(383621, 0.9367980116206216)
(45472, 0.5603663165419748)
(386134, 0)
(269113, 0.9238752680276712)
(473219, 0.7482272517472982)
(323751, 0.873985293636688)
(422998, 0.7552868070822234)
(55299, 0.9266655781810736)
(271457, 0.9389576194146627)
(333956, 0.7467986726979248)
(474293, 0.8159508561979377)
(131444, 0.7462125514369156)
(368294, 0.7631048870713301)
(129416, 0.9211939512550404)
(246436, 0.7690876291581802)
(385997, 0.6398234454199424)
(243989, 0.891196078131398)
(563882, 0.7957674573886174)
(176446, 0.8286112383245757)
(126592, 0.919490700524878)
(559543, 0.7757256875557336)
(193926, 0.805380306979161)
(183716, 0.8213768760462778)
(326248, 0.886076836033445)
(567898, 0.7499103932754113)
(198641, 0.7826448400566044)
(219283, 0.7902473844492474)
(8899, 0.6364150470905671)
(216497, 0.8576379743710457)
(251119, 0)
(133233, 0.022694533639312342)
(498286, 0.8684845464313399)
(137294, 0.9011563598870624)
(242411, 0.6844555297662358)
(383842, 0.7684825005012683)
(443498, 0.9325939638053632)
(248631, 0.8771107326268861)
(136715, 0.8310844380630236)
(565989, 0.6966365065350196)
(384616, 0.8216852265834075)
(322844, 0.4827869661417881)
(324818, 0.8902759652597002)
(288862, 0.8411016474427999)
(424776, 0.8773760281560484)
(448448, 0.838411932212318)
(369442, 0.8757060506501777)
(194216, 0.8790516008027449)
(122745, 0.8977004482706028)
(313182, 0.8643306525579305)
(576566, 0.8554439634662738)
(632, 0.8633436121199218)
(61418, 0.8424922627766867)
(323571, 0.851539682749692)
(143998, 0.907055665476535)
(312586, 0.9359760498197846)
(357888, 0.7730820576704327)
(322829, 0.8784125953777382)
(312489, 0.8602107950566258)
(367569, 0.9476514470531632)
(289659, 0.9171348435475621)
(195842, 0.8834690778770706)
(2157, 0.6139259550834251)
(226883, 0.8366071270257508)
(558213, 0.7884016195736532)
(351362, 0.7664836627603124)
(419882, 0.897162500676518)
(286422, 0.6293069408313776)
(283412, 0.8904644177974064)
(323263, 0.9197164419280667)
(354547, 0.5605993965495999)
(269316, 0.928063577825637)
