(323355, 0.8786466499888071)
(456662, 0.8308928786436375)
(371677, 0.8505363625470486)
(341681, 0.5196109119657156)
(384136, 0.8137713853963707)
(273551, 0.8702298470404843)
(74457, 0.4766740505328052)
(447522, 0.6761946195053332)
(127182, 0.7902485893849214)
(183127, 0.08159149318633227)
(157365, 0.6524773352868616)
(17379, 0.8432621206061703)
(239773, 0.5709943241144586)
(179487, 0.7156407616343372)
(377946, 0.44942505805376015)
(463527, 0.8732554558762293)
(179898, 0.8680106682581848)
(13291, 0.15796248305829066)
(351331, 0.7704717260725146)
(476787, 0.7800549991009863)
(97994, 0.8116550095718768)
(239318, 0.6844115650213926)
(462629, 0.4388782849174306)
(172977, 0.825482308234745)
(121417, 0.8330913419851786)
(516677, 0.8878730590057582)
(221281, 0.7711386361644146)
(364322, 0.8533183074115162)
(154339, 0)
(387916, 0.7915901319792958)
(186282, 0.6985093704394014)
(13177, 0.8827605240018039)
(323895, 0.7555019162095093)
(162581, 0.8885605736543173)
(391375, 0.8945712520337119)
(61171, 0)
(31217, 0.4791202899546061)
(439994, 0.8139032403456626)
(458768, 0.5867133303836825)
(324614, 0.7258830793280073)
(77396, 0.7936391319089652)
(229948, 0.5697696546437274)
(469174, 0.8216242584204009)
(364636, 0.7930032044727762)
(426795, 0.8291370637759429)
(341469, 0.8022502689214422)
(37751, 0.2613782210700108)
(163562, 0.7650163586437045)
(565153, 0.24811003746427002)
(197388, 0.49976446147184167)
(577976, 0.7340421264517557)
(478286, 0.5510941868734985)
(13923, 0.5351511857181154)
(133778, 0.8647200483898675)
(553731, 0.5468790697452863)
(567432, 0.8846688644022455)
(212453, 0.7045245014636804)
(279927, 0.4102127597683987)
(459954, 0.649473387308948)
(259597, 0.8745042052279778)
(226417, 0.34088250352594307)
(213593, 0.5152968146066342)
(182155, 0.4031336306361272)
(199236, 0.615329346216502)
(121744, 0.8248618097344856)
(2685, 0.8495684083441114)
(144932, 0.0848968745530059)
(452321, 0.8616427282513203)
(562843, 0.8349456645382765)
(54931, 0.8015747585572692)
(72795, 0.3487605208471871)
(381639, 0.9049854690549586)
(59598, 0.8309942277889915)
(128148, 0.7873933896886727)
(291551, 0.7224739292712713)
(47769, 0.6563423915789657)
(94751, 0.40069458108645145)
(571943, 0.8049887838840869)
(568814, 0.7606141532071307)
(132796, 0.7320640416204999)
(116439, 0.5807098252938521)
(62355, 0.8227912197869285)
(375469, 0.6777575363014652)
(433134, 0.8255345074606363)
(256916, 0.8563501150812849)
(377814, 0.9291135581191377)
(367386, 0.2488259457156961)
(537672, 0.8243021452815651)
(62554, 0.28002132850672684)
(44279, 0.8587103728339013)
(64462, 0.869380656750148)
(453341, 0)
(532761, 0.7179995828901883)
(92177, 0.7622440730202762)
(292446, 0.26925234897795775)
(193181, 0.8877099008480949)
(136633, 0.9012115084247849)
(64359, 0.851414840012198)
(148999, 0.204174488228964)
(573258, 0.826655251699143)
(4134, 0.9139859494613577)
(66886, 0.8334204327120832)
(497344, 0.8190999716229279)
(228144, 0.927760652485985)
(76417, 0.25683507817609613)
(196141, 0.5071972306452679)
(261535, 0.5695596856148148)
(319534, 0.7253165948548976)
(84664, 0.7798071537481017)
(332455, 0.8962457646995969)
(442456, 0.5545006003474113)
(184978, 0.8109567761167119)
(39785, 0.9112230387942254)
(271116, 0.5889906298351496)
(134689, 0.8847502673176673)
(457884, 0.9180250667925415)
(329456, 0.901244811136918)
(164883, 0.38307688303275583)
(419312, 0.8532453321937528)
(237864, 0.8205574061526254)
(498857, 0.8934525391436564)
(419653, 0.35198673098637107)
(453166, 0.9227863663332041)
(269632, 0.7912752115953436)
(324715, 0.797253523216482)
(495146, 0.6449380950224001)
(287959, 0.8171695096039236)
(371699, 0.7862380806138525)
(529122, 0.8936009957339633)
(491213, 0.4777708844739344)
(85478, 0.8888243663188707)
(2149, 0.7956902365981452)
(493864, 0.8289904242425608)
(549674, 0.4820714388659661)
(389197, 0.6295100431517431)
(577149, 0.9610079633397252)
(515445, 0.2767524081620334)
(147729, 0.7932353814284372)
(491497, 0.6314437531982781)
(561223, 0.795416380286192)
(455981, 0.83983458661632)
(181542, 0.5992013398068393)
(78748, 0.5679164308275998)
(334555, 0.5251129602164338)
(362682, 0.21861171338196042)
(335529, 0.5984295457389319)
(494188, 0.8522908309069781)
(158956, 0.6814138894316962)
(433915, 0.7651918148909761)
(7816, 0.6373318316471431)
(547519, 0.8327224788944174)
(319935, 0.8524207650837817)
(163258, 0.28384545660349825)
(167898, 0.8560234418178342)
(14439, 0.049862930544203064)
(341921, 0.6858170226805615)
(18575, 0)
(396863, 0.9259600874286774)
(198489, 0.8247091049409363)
(157756, 0.27057773590359846)
(184791, 0.2623143667272084)
(455597, 0.8309925127538441)
(448256, 0.8584871477471763)
(529568, 0.5596775282348807)
(48396, 0.5902124366761725)
(84492, 0.8284084735689873)
(291619, 0.880319076870992)
(364884, 0.0009348221433234665)
(521141, 0.5747542914904962)
(544519, 0)
(365521, 0.8401996625693444)
(359781, 0.7571404113896973)
(221155, 0.7345139870141202)
(146489, 0.7090817967110562)
(172648, 0.7887717214134602)
(119365, 0.8496736483174305)
(122217, 0.26379553819265916)
(554156, 0.7926177216098687)
(451879, 0.5786967781103229)
(166664, 0.856718471311616)
(338325, 0.8835919345170071)
(525155, 0.8087790606724713)
(463842, 0.3360301243323735)
(137576, 0.6727354808477087)
(475779, 0.860835505239638)
(252216, 0.8932439664808672)
(477441, 0.7378111331115917)
(546556, 0.00776904100688356)
(515577, 0.3134555384377261)
(466125, 0.7779066195809986)
(177539, 0.8591647837289667)
(575372, 0.21502233291971068)
(512985, 0.6644273851740702)
(139872, 0.9009779170987952)
(529966, 0.5225714951247498)
(88269, 0.9546630184754007)
(512929, 0.8380217813856677)
(465836, 0.684855828773593)
(512564, 0.22328148104348566)
(46872, 0.5877413456761045)
(182441, 0.27976310149624734)
(159977, 0.9242925353934226)
(16249, 0.8619702084385394)
(253835, 0.7656045178535782)
(163611, 0.7812999357955814)
(138979, 0.6523286657357364)
(197796, 0.503164254848593)
(436315, 0.9637231309096772)
(414795, 0.42945902297701366)
(259382, 0.8994935715907434)
(421923, 0.12644969467105135)
(235241, 0.8551148638128403)
(417779, 0.5283965149704187)
(273712, 0.7029192414878651)
(193162, 0.5400551000838784)
(338532, 0.9334443446128032)
(528399, 0.41830709178925846)
(133645, 0.6697209172319935)
(124442, 0.80244083202466)
(245764, 0.6729290694998523)
(2532, 0.830079298298412)
(428454, 0.8856043153470785)
(161642, 0.9215556084843388)
(22969, 0.8083021951842214)
(52891, 0.9487540485566425)
(464358, 0.7919269606515287)
(317433, 0.8195639998639066)
(224222, 0.3295364957769502)
(557916, 0.7534395285471903)
(289516, 0.8651459185521435)
(497599, 0.8740581843320498)
(436883, 0.625113946738831)
(167128, 0.8836241243763017)
(322429, 0.5172350689630156)
(126216, 0.30746415829935764)
(361238, 0.5651820333275306)
(486573, 0.67407346018231)
(156372, 0.8208714353929425)
(222118, 0.9177749777529186)
(361919, 0.2649043315611897)
(342295, 0.8856421645635678)
(316666, 0.29376804525222144)
(448263, 0.5345162460295444)
(147745, 0.8213541360091753)
(77595, 0.7929903366599196)
(31269, 0.890433632558679)
(296634, 0.7478073382349282)
(6954, 0.8705224765550794)
(328959, 0.8156816278884946)
(172595, 0.7955660601698202)
(5193, 0.797681259369862)
(243495, 0.8185459882881359)
(263679, 0.5234346394265794)
(488251, 0.5326864585518674)
(262587, 0.2263337520065607)
(215245, 0.7910669188831659)
(397327, 0.7790733019326036)
(477955, 0.8689321467256923)
(25394, 0.7993337961855725)
(186637, 0.9171900940961015)
(43581, 0.8707832062489044)
(164637, 0.5797640495458695)
(369812, 0.5769275753356299)
(445248, 0.9151804490552241)
(393838, 0)
(25386, 0.6487710665860361)
(92416, 0.6515305675388146)
(417632, 0.36497841071339593)
(286182, 0.8421517684421111)
(181816, 0.5316430695436946)
(57725, 0.3362468360568371)
(167353, 0.4110867934288025)
(124636, 0.8836504509540685)
(29393, 0.8334455611068254)
(414673, 0.8190766861516794)
(219485, 0.3156512928730061)
(467176, 0.8561593049162907)
(342128, 0.7445599451319502)
(169169, 0.4608537059540651)
(119677, 0.935666864147918)
(91495, 0.8556625091393056)
(256195, 0.7515740664537982)
(365745, 0.5311659040327847)
(78915, 0.2902949401894087)
(151938, 0.593573980814488)
(235836, 0.6362500450527766)
(223789, 0.8072295176908106)
(228436, 0.8407443247393245)
(447313, 0.8250604562849841)
(383289, 0.789663601472341)
(576955, 0.33738685119295064)
(17178, 0.5412494879195473)
(4495, 0.16925565089461259)
(562561, 0.8072177852200141)
(129492, 0.8230751362752019)
(424162, 0.8892900041606696)
(349678, 0.386851157940525)
(248111, 0.6925324804757815)
(574297, 0.8187483413303662)
(147415, 0.7242560569080306)
(7977, 0.8917555310648383)
(283268, 0)
(179285, 0.8556491933109149)
(255917, 0.3630014619398371)
(481573, 0.8345953070124269)
(148719, 0.8344690045815587)
(43314, 0.06872886854314038)
(49759, 0.7941830967683811)
(368961, 0.8224858695818229)
(391722, 0.1974984600840055)
(424545, 0.7882857379542898)
(9914, 0.9217554561492206)
(434548, 0.8008606787220413)
(245915, 0.6070033319420909)
(322163, 0.6164697720241074)
(441491, 0.5797087919620548)
(492284, 0.15746412615897976)
(372819, 0.5658872160672003)
(32735, 0.15833743498906475)
(512194, 0.7104505886144409)
(311518, 0.6839357371352661)
(531134, 0.6111095650672683)
(276921, 0.8782064692975864)
(281754, 0.8657370339656605)
(463174, 0.49828049093163745)
(163746, 0.902997253365861)
(514376, 0.6081196240399911)
(217285, 0.42013140609446364)
(97585, 0.8247510594888161)
(98853, 0.37048361099508775)
(571264, 0.8210654432469122)
(2153, 0.5187392243750708)
(132544, 0.4695673735913483)
(164969, 0.7491359177325285)
(46497, 0.8364828662273558)
(95899, 0.886299327486728)
(561958, 0.8766788272852182)
(295231, 0.8498605987102821)
(196754, 0.8189135934497658)
(396568, 0.8382995813130911)
(235857, 0.857473885095825)
(415238, 0.9236326810839727)
(94852, 0.778694969134022)
(95155, 0.5454743497356797)
(516318, 0.8153318154554585)
(95862, 0.7703986501472174)
(125472, 0.747727859568274)
(356424, 0.8220745021790137)
(125936, 0.9053395557387783)
(147725, 0.8188788174192195)
(451714, 0.8124879746937862)
(539445, 0.8935414847248284)
(358525, 0.7154264041994493)
(525286, 0.9181191942822094)
(15956, 0.7910394054785531)
(289594, 0.7040119995390143)
(364126, 0.6400367997912576)
(224675, 0.8983866955471264)
(347335, 0.7412022645669707)
(37689, 0.1336982088602545)
(558854, 0.9179510175120473)
(338219, 0.6988994297457398)
(471789, 0.2887964927963113)
(559547, 0.8140231221916584)
(456496, 0.7836593427562251)
(133244, 0.4781579925084059)
(546964, 0.5166893553955108)
(565778, 0.8858449925745796)
(218424, 0.839423535313818)
(493613, 0.8168211197966008)
(87875, 0.883733984064936)
(367228, 0.8341798738043269)
(172856, 0.8662503433131614)
(29675, 0.8127673422545563)
(538364, 0.6095302038027134)
(179214, 0.8493073733183304)
(486479, 0.7741585077727843)
(267191, 0.78409218303645)
(565877, 0.8885370838258878)
(346968, 0.7489992572704107)
(484978, 0.5497832522698393)
(483999, 0.8950273212706891)
(469192, 0.2649365677338948)
(534394, 0.2307276858401048)
(85376, 0.351861987295595)
(112634, 0.8462816786789304)
(459195, 0.5348348259195204)
(29596, 0.030640025618092894)
(367818, 0.7967359236349649)
(117197, 0.9286897709115577)
(479248, 0.5525340923026274)
(273617, 0.2722443520232874)
(366178, 0.29378202576025003)
(226154, 0.7141168808501192)
(521819, 0.38460694683502716)
(279769, 0.6015048415452524)
(178982, 0.3867202029315109)
(378873, 0.37592676627124155)
(215723, 0.9283957124606113)
(269121, 0.7155153389448294)
(194716, 0.9002762223734966)
(33854, 0.788265818213066)
(187362, 0.7716566467035209)
(368684, 0.8604790682766552)
(119828, 0.8942738126963684)
(255912, 0.8805860642031429)
(329827, 0.5667528137076389)
(2431, 0.40137982538529055)
(171382, 0.6811730027448819)
(468332, 0.9129914756328509)
(414638, 0.6758236140512828)
(154213, 0.8886384921385275)
(416758, 0.8089611294593104)
(543581, 0.7611427516082732)
(458755, 0.7861277172399928)
(57232, 0.6970007669134088)
(279774, 0.8850716612040015)
(423944, 0)
(8211, 0.7516184682455863)
(185472, 0.6327269750619119)
(334719, 0.7859973387627337)
(119641, 0.2747824977690426)
(76547, 0.6810663879764138)
(239274, 0.6693683778790858)
(175438, 0.4331736165558004)
(293245, 0.8889474489305568)
(213547, 0.7719433800293138)
(431896, 0.8064100639756355)
(2299, 0.7883823586734942)
(186296, 0.8924755916959133)
(18491, 0.7392365130379901)
(462576, 0.6597903925315505)
(399462, 0.8669183631938948)
(81988, 0.6739020038035372)
(415536, 0.8850424548256074)
(166768, 0.8130987852223291)
(564127, 0.7104107100727097)
(193429, 0.6737595715553104)
(257566, 0.5836762303626286)
(248334, 0.17259662065756637)
(247917, 0.5730019788429552)
(17714, 0.6538615897088251)
(474452, 0.24278197691552672)
(468925, 0.8386450062000801)
(426372, 0.9052816233061616)
(493772, 0.25483507750653356)
(398742, 0.6576648373966615)
(471756, 0.6420637422075497)
(179642, 0.8361103512822141)
(389316, 0.9177876952494064)
(5477, 0.4670492461452375)
(311928, 0.2225407961079928)
(273198, 0.8183166753902524)
(566282, 0.8443347291021852)
(252776, 0.6572576974482534)
(322959, 0.6806405868772591)
(494759, 0.3242663936807444)
(18837, 0.5407216626632548)
(181421, 0.8986225348414246)
(168458, 0.6940294891007462)
(463283, 0.5588981836418345)
(15278, 0.09013018373671075)
(193245, 0.5372964988885023)
(447187, 0.7616278817184934)
(579818, 0.44248429848477655)
(565563, 0.6054223258040927)
(2592, 0.8143348787329052)
(347456, 0.8090371068710188)
(527215, 0.2584297251273519)
(441468, 0.42172341366804916)
(143556, 0.7261649773930163)
(344621, 0.5888534706268583)
(329455, 0.8083714817540057)
(197658, 0.5853147483714398)
(491464, 0.7813185346456045)
(148957, 0.9019393422288907)
(265777, 0.5645545273681566)
(284725, 0.7892973277406172)
(188296, 0.8710469852346525)
(148783, 0.8220828200417806)
(181859, 0.7883301435407875)
(239843, 0.8749052067512653)
(175443, 0.8548504107427851)
(455219, 0.8459323836429502)
(232646, 0.879790814455024)
(222458, 0.711751180441269)
(572462, 0.8428879538791504)
(152771, 0.6591905569567985)
(39477, 0.5693793083842893)
(184611, 0.6853559654054208)
(9483, 0.7625150926013958)
(47571, 0.6952828547607042)
(89648, 0.7975684495431568)
(283318, 0.8188824420200154)
(22396, 0.8466067527882266)
(298396, 0.7196849055193912)
(566524, 0.7467803042187972)
(57238, 0.6400049020173745)
(8532, 0.5277090875018957)
(95843, 0.9276673951313866)
(215114, 0.41218272553017715)
(213224, 0.7813360813444821)
(256868, 0.46512791427981204)
(494869, 0.8523879303849077)
(428562, 0.9295832690559622)
(66561, 0.9486076643669658)
(166747, 0.9401240935674005)
(199977, 0.9015402967752455)
(325527, 0.8622182914600283)
(445846, 0.5805106389468733)
(5586, 0.0958218866861454)
(184321, 0.750279956194582)
(55167, 0.9229711381619853)
(236914, 0.887523484472097)
(227478, 0.7802356254567026)
(67213, 0.26288219316255)
(74733, 0.8447936801139465)
(397354, 0.8835337807496394)
(488166, 0.6362714769535096)
(334417, 0.886079755776532)
(283785, 0.792088009939428)
(34417, 0.3034389424478759)
(571857, 0.17807182960536802)
(35279, 0.8653875760915439)
(355169, 0.3251782363132629)
(178744, 0.8346557992748876)
(562229, 0.6173728174578939)
(376284, 0.7870018701009401)
(217872, 0.8140992120451317)
(322352, 0.8398315513840078)
(357816, 0.9046375587439776)
(545594, 0.705548222790223)
(785, 0.8928034815586128)
(193674, 0.8162018956356607)
(192191, 0.7372772442627453)
(15746, 0.30061819702704107)
(552842, 0.8047527139885311)
(526392, 0.5639953662905716)
(575815, 0.8354466985755405)
(427655, 0.2075251826289604)
(221872, 0.4445387245691615)
(553776, 0.8546007569266582)
(442463, 0.6420132493147852)
(294163, 0.15058814789696742)
(155443, 0.7672472193437304)
(155341, 0.8725753271648811)
(393226, 0.43697574498704284)
(84674, 0.6672617805586937)
(517687, 0.8941736758218294)
(199442, 0.5210620390875709)
(91921, 0.8749343001235979)
(511384, 0.8957954676362615)
(166259, 0.756059824289987)
(118921, 0.8795423132704884)
(361142, 0.8671166599182083)
(512657, 0.8636491765771338)
(189698, 0.8948019266600973)
(71711, 0.1804401981981985)
(149375, 0.7592904067637773)
(437514, 0.7858152003762181)
(293858, 0.7230203619912552)
(481582, 0.8331589071709277)
(186632, 0.7367924162777536)
(519569, 0.4606135140914813)
(377113, 0.8149627057588058)
(513567, 0.8636142023505604)
(142472, 0.4671589948860042)
(541952, 0.42173091985307115)
(578871, 0.7279804640698897)
(292155, 0.7626106070061698)
(26926, 0.21254818649273113)
(171298, 0.8393246685235348)
(49259, 0.16850981788428085)
(449661, 0.8625172098281436)
(357748, 0.7105273212956505)
(532481, 0.24990015908806124)
(261712, 0.8285249445465592)
(352618, 0.8961972351621518)
(325991, 0.9566958702567433)
(51712, 0.8655407820877475)
(318114, 0.8278126943563087)
(11197, 0.012591992497460925)
(529939, 0.7040619611977528)
(271471, 0.5171366311238961)
(216419, 0.9009449165035982)
(99114, 0.32894876217674934)
(296969, 0.8262907023307484)
(211674, 0.8022189818652479)
(76211, 0.4587723399592335)
(175387, 0.8493491664942111)
(278848, 0.6366598958095085)
(417249, 0.884123190831113)
(429718, 0.832457745584301)
(115898, 0.7683640830878609)
(191471, 0.7357509621626761)
(516916, 0.7597106850088204)
(468632, 0.6126189710169802)
(88432, 0.261584021464159)
(393469, 0.7911829826723333)
(447917, 0.5066609753546076)
(115245, 0.5732985571762308)
(223738, 0.791193298947292)
(279541, 0.6214104465386351)
(161397, 0.6688148289845882)
(1296, 0.9113737981531748)
(95786, 0.8805152806210941)
(568195, 0.7634459659204812)
(444879, 0.788949000681409)
(462756, 0.8842745879159695)
(446651, 0.8289063707305481)
(459757, 0.6378770049394118)
(497568, 0.2449454655643357)
(477689, 0.8083733213057269)
(559348, 0.8728071317696741)
(474854, 0.8264250566597944)
(41888, 0.7689334219357411)
(192699, 0.7838175597532857)
(313454, 0.7754436756899435)
(158744, 0.7597251700498874)
(484893, 0.8127288454928512)
(21879, 0.5543376187030596)
(424975, 0.3520207056185465)
(181796, 0.7900715912330216)
(255165, 0.772537567714166)
(371749, 0.5817262681705837)
(329219, 0.5183680074075772)
(485972, 0.8055588274915448)
(119911, 0.698782492071219)
(93717, 0.8344571138321601)
(184324, 0.21700576359954077)
(181753, 0.8222358969154759)
(5529, 0.8532792923726525)
(278749, 0.8218130708487353)
(127394, 0.5600624392806033)
(13729, 0.7808148542316651)
(144984, 0.49090293684096875)
(384666, 0.7984034512769832)
(82986, 0.9192126132036049)
(93437, 0.7505258246693927)
(497867, 0.8003078939418247)
(312213, 0.8689829633636463)
(475387, 0.5154146105813937)
(545219, 0.8814090189912509)
(47121, 0.8166206191674439)
(66231, 0.8518132104322239)
(79588, 0.11166376447239898)
(166918, 0.3206725950803527)
(42296, 0.7190710676852872)
(79229, 0.7142352414618447)
(186873, 0.36289286088009864)
(424721, 0.3414010205179309)
(134886, 0.5834581872657918)
(374982, 0.7846683816652409)
(474786, 0.0)
(374369, 0.8153716980471191)
(44877, 0.6747975818975303)
(9891, 0.8304296415257393)
(88848, 0.833212858530987)
(96427, 0.5568748731443367)
(338986, 0.840648313969786)
(434459, 0.7991220744288573)
(48924, 0.8239589539555152)
(91619, 0.9142492642680317)
(125129, 0.827578927153665)
(242287, 0.8563342544601583)
(253452, 0.7622331310146894)
(177861, 0.6253800582777186)
(161861, 0.5309952118278822)
(535858, 0.20285078852409913)
(493284, 0.9469448751590201)
(288685, 0.7992803818654914)
(475678, 0.9001760808322635)
(185292, 0.29047663005848845)
(366711, 0.5680893864228843)
(31296, 0.7835479909362801)
(278463, 0.5539905076565752)
(473869, 0.5505169005757937)
(297595, 0.22230691466746852)
(414385, 0.2807380250439977)
(76625, 0.19921194497810363)
(85665, 0.31196426443860137)
(447465, 0.8839334814450966)
(36539, 0.8211618939764819)
(494913, 0.6741420975395107)
(216296, 0.8525091372652073)
(112626, 0.8060856576580648)
(258388, 0.5179235928170138)
(351823, 0.8326541937433197)
(157418, 0.5957520687783399)
(78426, 0.6621586593498914)
(357459, 0.7507550759070563)
(232692, 0.7474026687522201)
(57672, 0.2854260485918818)
(326542, 0.43824318018746217)
(72281, 0.8526615250072519)
(279714, 0.8875357046120036)
(571313, 0.787500623521686)
(489842, 0.9111557021509495)
(466256, 0.7340118309499049)
(132931, 0.9354891969515408)
(43435, 0.0)
(463199, 0.8832285844434651)
(443969, 0.7931415618305693)
(183391, 0.48517508897261724)
(54123, 0.8393338875352176)
(519611, 0.9246460380341718)
(52462, 0.825184596300083)
(119516, 0.32520024135503994)
(194724, 0.7455891450239873)
(546626, 0.8759456004425822)
(453841, 0.6217545254847882)
(84477, 0.6648322873869799)
(426241, 0.8726843798893562)
(512248, 0.8544829241728216)
(473821, 0.8149163858881454)
(488736, 0.8746157926099009)
(43816, 0.5706059808014481)
(189226, 0.4468601569204945)
(344888, 0.5041910925556968)
(541634, 0.846878671445617)
(166391, 0.0)
(237928, 0.7793329914696268)
(496597, 0.20911224218832652)
(285788, 0.6829473883252021)
(325114, 0.6418276268760766)
(31735, 0.871007844343536)
(512776, 0.9109866741849051)
(513484, 0.8352870368743701)
(152214, 0.8795206744495319)
(146825, 0.4060239669902505)
(541773, 0.9344480298764581)
(257865, 0.8396899602215573)
(276284, 0.5799660047487003)
(461573, 0.81098884574697)
(233727, 0.547488108232558)
(288584, 0.8803593806723258)
(276434, 0.794218390562777)
(463918, 0.9111260420445296)
(156278, 0.22411270868482824)
(377723, 0.6244915674763108)
(468965, 0.8679878552737108)
(153797, 0.9188283495855067)
(215259, 0.7597443690937391)
(371472, 0.5620934331555623)
(438862, 0.9024199640638104)
(551822, 0.18456910526919973)
(424551, 0.882333672439138)
(214753, 0.515733507078544)
(12639, 0.9149267448266789)
(425226, 0.7399066762393856)
(278973, 0.6274153831459536)
(256192, 0.8608691044388985)
(88218, 0.7316112258749241)
(389684, 0.9430844767920028)
(327617, 0.6305533306255848)
(482275, 0.6825949699996112)
(235252, 0.6823262352722285)
(377486, 0.6648739931314139)
(458663, 0.24183241225147062)
(365387, 0.7083199045781706)
(438955, 0.8227623676718996)
(571718, 0.820280393424877)
(478721, 0.2871352150009897)
(345356, 0.5790472704103069)
(568213, 0.563670039145092)
(146667, 0.38643118864661485)
(227491, 0.8580450124574105)
(65288, 0.20855294755204656)
(66771, 0.6553070161873019)
(542625, 0.839416089742862)
(577932, 0.5513416134512068)
(361551, 0.4842963190741343)
(85157, 0.8843076424658889)
(493799, 0)
(146831, 0.8520755008013992)
(482917, 0.8478227961619906)
(94157, 0.2633823385786369)
(446574, 0.9150632454439185)
(477288, 0.803598628991032)
(135872, 0.7817155514454226)
(139684, 0.5192542012691528)
(62692, 0.7417226298325316)
(442822, 0.797459062602172)
(542423, 0.6800860970222431)
(248284, 0.7536941992194476)
(331817, 0.7527474863678143)
(273715, 0.5380893805891549)
(363188, 0.9586840184339673)
(65736, 0.7265343787459517)
(378453, 0.7031864071929416)
(142238, 0.2691386999860373)
(356427, 0.8791019454664799)
(322895, 0.4577146399593131)
(527616, 0.7828205217511621)
(145597, 0.7701486257213781)
(511453, 0.8652940442580329)
(182611, 0.7225054771026094)
(343496, 0.2725006420073382)
(156643, 0.6061414851931053)
(561889, 0.05063287910722468)
(128675, 0.3527187809629823)
(394559, 0.5593396738529476)
(411938, 0.8524611322355766)
(462728, 0.26201447698221203)
(499768, 0.6804890469852021)
(349837, 0.6323782438691282)
(66135, 0.8295340746289572)
(523241, 0.2927500202347979)
(275727, 0.7654982582273087)
(383921, 0.8844193236261653)
(249219, 0.903282602939678)
(286553, 0.860816541658812)
(277197, 0.48835322071031984)
(212559, 0.9068317333870464)
(289415, 0.7165430842064666)
(542856, 0.3856433509417321)
(568439, 0.8667944298395958)
(348243, 0.7163023954348988)
(214192, 0.7977095752577077)
(4395, 0.7646305843560206)
(258911, 0.800143735211539)
(521282, 0.8542654089196253)
(243867, 0.6863419871047192)
(449432, 0.32607545111403585)
(287347, 0.7750177860969698)
(296222, 0.277540702222268)
(171611, 0.777323828620658)
(14226, 0.731787617139362)
(244592, 0.5161821143609815)
(388927, 0.9744894003728384)
(546219, 0.7946943259714447)
(347544, 0.9342538733496463)
(463522, 0.5766692302896709)
(73326, 0.2794363580690255)
(474344, 0.9853229791752518)
(369771, 0.8240482670201049)
(154425, 0.7973302864467775)
(329542, 0.8614556161518632)
(342397, 0.764005970355565)
(276285, 0.7038602551207267)
(528862, 0.32214797895593)
(347163, 0.8857461212271629)
(177357, 0.7070271847106482)
(454978, 0.886288930437484)
(36844, 0.21630957956828392)
(511321, 0.8616463577060773)
(361586, 0.49937341808702485)
(198928, 0.2742503400449765)
(394275, 0.5854717467475189)
(519491, 0.8740682761114206)
(378244, 0.6218166842893103)
(364587, 0.7528896907725927)
(11122, 0.6289564851164531)
(162543, 0.23976969656689365)
(228981, 0.8500601802375701)
(438774, 0.5806330647112545)
(64898, 0.5245393760840174)
(475572, 0.8326524041655178)
(39551, 0.6300698913437928)
(484296, 0.9509335817970647)
(3661, 0.0)
(165518, 0.8801457265225194)
(127517, 0.6867323328717825)
(221693, 0.8978878755914751)
(128748, 0.9534785861765787)
(154947, 0.837760444838731)
(16439, 0.8321030974601602)
(279278, 0.6561075782206751)
(547383, 0.8024221435805778)
(366225, 0.543813377278777)
(468233, 0.6643768193194758)
(275749, 0.51768574034032)
(326541, 0.8780126708742532)
(416534, 0.813442269320844)
(163155, 0.5362687145143017)
(343937, 0.8201111750940869)
(548246, 0.9035251186018213)
(45596, 0.3657055711010602)
(233139, 0.8889122896152376)
(256775, 0.5267552094086295)
(119445, 0.8973498116838688)
(397279, 0.7678803862265774)
(84241, 0.394117695952529)
(366199, 0)
(465822, 0.3695895241229247)
(2261, 0.700800991361877)
(481386, 0.7294044753648173)
(98392, 0.507752624475137)
(447314, 0.3708358950470238)
(248616, 0.9389519349873624)
(373353, 0.2747579823485492)
(213255, 0.477428737963507)
(268375, 0.8698222466126715)
(265518, 0.2860684107014713)
(384527, 0.8525370942478624)
(458325, 0.8386346092336512)
(416885, 0.6360078904075419)
(3845, 0.7283331587535439)
(578489, 0.6489166932611328)
(134322, 0)
(442746, 0.2127134991726832)
(99242, 0.7293788198486688)
(124798, 0.6343582371481301)
(153299, 0.8578096349631869)
(225757, 0.64051481979417)
(289992, 0.7810136535166257)
(581781, 0.5694376550870142)
(234413, 0.8840223938890694)
(181666, 0.11300655977124943)
(523229, 0.8819631141670825)
(314251, 0.5040449159633266)
(298251, 0.1881858368510824)
(149222, 0.8441913936455271)
(297681, 0.6219419209676491)
(422886, 0.6827492821590139)
(479155, 0.6674717894177071)
(459396, 0.8116805240702911)
(275198, 0.7399627681527465)
(421757, 0.8632796148488802)
(179265, 0.49051363455934716)
(17959, 0.49241256243968573)
(135561, 0.8298747466888909)
(554579, 0.8318936889733008)
(166642, 0.6693099007287256)
(111951, 0.1881757678982976)
(53994, 0.3280824229253889)
(162858, 0.6626288055275437)
(473118, 0.7189279953450028)
(314541, 0.8331214766465949)
(338718, 0.6965737457933608)
(336232, 0.8167535527582758)
(177934, 0.3377113161767038)
(297353, 0.8128120731147419)
(463542, 0.3960840078782937)
(179653, 0.20464128350989494)
(345466, 0.8386592556877914)
(365886, 0.8460456172315618)
(174371, 0.8818928546906363)
(369323, 0.7368056581985032)
(547336, 0.7813715528246915)
(293794, 0.8314862080514833)
(253742, 0.5800106286416713)
(379453, 0.8174202945854305)
(86755, 0.32115517016410655)
(9378, 0.3227291389244413)
(74256, 0.8432452448361547)
(369751, 0.46096143361300407)
(491613, 0.9121969878803827)
(157213, 0.776244268351508)
(322724, 0.8448617054772006)
(232649, 0.7138848584399752)
(318138, 0.4376554578993904)
(185473, 0.22007295138248087)
(479126, 0.7583855769297787)
(17182, 0.0)
(242946, 0.6047273136056127)
(439593, 0.3141335800968548)
(441586, 0.6878996119281824)
(142585, 0.8279861215580371)
(123633, 0.8842496297149994)
(174482, 0.1504922633393363)
(27972, 0.8916023713312582)
(464144, 0.8053775277607063)
(24243, 0.9024789984032765)
(341973, 0.5384178671008106)
(562243, 0.6184276872574349)
(314264, 0.2548321933189046)
(441442, 0.7580234713062619)
(478862, 0.33725911674507447)
(195165, 0.5684992394646755)
(44195, 0.811471190556764)
(18193, 0.49855195990274287)
(89556, 0.4450349843101334)
(371552, 0.5659172606850327)
(519522, 0.20075640563425143)
(441286, 0.8090598211550948)
(261888, 0.7460264215790979)
(288882, 0.8582403061712274)
(378673, 0.6312070432258977)
(577864, 0.41474057002551135)
(37988, 0.6872160336356582)
(297578, 0.8163097676862912)
(466156, 0.8544804740873079)
(465129, 0.6710395303215344)
(244496, 0.7647202625792635)
(34139, 0.3968667685242817)
(343466, 0.8229611121670104)
(66635, 0.655753728124513)
(474881, 0.7363102154905241)
(183675, 0.651960520612079)
(85329, 0.8506506216336693)
(511999, 0.5015523933926943)
(493566, 0.7808924748083489)
(226984, 0.6254933870903445)
(217614, 0.8437708555931274)
(356531, 0.6796985315765308)
(515982, 0.6250419610401552)
(121591, 0.0)
(359219, 0.9215479339337812)
(97278, 0.7866761920511003)
(372577, 0.7926477392468236)
(459272, 0.4061149809422166)
(229747, 0.8575430387227891)
(443844, 0.6970323667633842)
(94336, 0.6387600008642075)
(512836, 0.6734969936638175)
(323799, 0.8103169574856199)
(562121, 0.5488157839026687)
(397351, 0.7887057873089938)
(474164, 0.8343316001208062)
(546823, 0.2911126354368559)
(477623, 0.8151196634525449)
(157928, 0.8244029694791678)
(376365, 0.8066311295933141)
(117492, 0.7732450104429015)
(21167, 0.745911854274585)
(236599, 0.18708414781093768)
(347265, 0.2553824284518135)
(357978, 0.9203012823661294)
(84362, 0.7247182150549003)
(463647, 0)
(514914, 0.2531984748080798)
(356612, 0.41924964530656794)
(62353, 0.59695168361384)
(573391, 0)
(172396, 0.6337049416249146)
(5992, 0.8270132914662878)
(192964, 0.8253177568424281)
(19742, 0.8201560661620285)
(416343, 0.47520123626783517)
(212895, 0.8326960623413229)
(97679, 0.774402728192792)
(119452, 0.9018052173546309)
(428218, 0.8444360055832629)
(491683, 0.29276096057544887)
(119995, 0.849336440952907)
(92939, 0.8382520362606662)
(283717, 0.8324449139388703)
(467315, 0)
(196185, 0.7946378341245287)
(343149, 0.3876896381373376)
(578792, 0.7633642245641193)
(216739, 0.8515599830404613)
(146155, 0.8215473474547342)
(412894, 0.2872275108769834)
(31248, 0.7367490988738066)
(426329, 0.45089886450063993)
(141821, 0.7753623546265748)
(379441, 0.7272669830939735)
(442161, 0.8613007507899431)
(375493, 0.8681123640388753)
(532129, 0.5170904065667405)
(278353, 0.8109329082972122)
(222825, 0.7491300779296727)
(35197, 0.6985333168020523)
(412362, 0.872200692885662)
(563653, 0.13917357374743075)
(191614, 0.847141721477577)
(269942, 0.32260310769114675)
(13546, 0.0)
(292997, 0.3933682124881536)
(7784, 0.8506312568911268)
(72813, 0.8985221671534169)
(82688, 0.8842574204146985)
(166165, 0.9055354570193049)
(484351, 0.5084460095695758)
(57597, 0.7048987058986653)
(284296, 0.8281551742681734)
(256518, 0.7746236860624787)
(464476, 0.8049528220311216)
(187144, 0.2893243411251134)
(285894, 0.8001993917598257)
(29984, 0.5229318523627415)
(561256, 0.915815280259493)
(136466, 0.8048299350459471)
(17115, 0.8890434374449077)
(242724, 0.6545594749411251)
(132116, 0.8882084665763934)
(194832, 0.8230457901006631)
(419974, 0.8201822364396921)
(93965, 0.9694176073404925)
(242934, 0.2983421824140382)
(133567, 0.7242836433400792)
(115118, 0.8401817556181534)
(94326, 0.7063531912175809)
(38576, 0.0)
(161799, 0.830159573663083)
(79651, 0.8896580333157874)
(182923, 0.8406112602537219)
(537827, 0.5320548710560491)
(234526, 0.8607675035775985)
(441543, 0.7449252498930543)
(143961, 0.6839341788358657)
(82821, 0.26830387008219186)
(356387, 0.802542276868664)
(67896, 0.8137211306486906)
(335328, 0.8339853857000874)
(94944, 0.7631075293653334)
(161128, 0.27605276427691094)
(92124, 0.8247384703347408)
(291634, 0.642943978403507)
(165831, 0.5433404324019288)
(259625, 0.6634754182009329)
(85772, 0.44677732841423995)
(521717, 0.7064939672315051)
(94614, 0.6055582185187759)
(144798, 0.8995791530984437)
(294162, 0.7357494934361803)
(1584, 0.8757393400436876)
(454661, 0.5688902835767049)
(239857, 0.7629005532359401)
(334483, 0.8090970022595256)
(387383, 0.423019196135511)
(361268, 0)
(32285, 0.8540700482615652)
(436617, 0.9282225618546)
(498747, 0.570882585452783)
(424521, 0.5177514732216144)
(195754, 0.18431941310278954)
(463618, 0.7946998181424703)
(268831, 0.1837374758912192)
(356248, 0.451491938251794)
(452122, 0.9109444603999841)
(15517, 0.8169455751905834)
(3934, 0.0493454619113053)
(566923, 0.9383990693547994)
(496954, 0.7523024775063613)
(121673, 0.7924150677027955)
(259571, 0.362252922540005)
(372317, 0.7880171575370051)
(537964, 0.8028507219638312)
(284762, 0.8228375103649528)
(18737, 0.9016058640435076)
(252559, 0.9014236691441458)
(569972, 0.7555552121788773)
(51738, 0.36746048524286296)
(581482, 0.8112863337637188)
(138639, 0.5712218694836475)
(215778, 0.23610032554798197)
(239347, 0.5320212322352107)
(148739, 0.722038554264522)
(177213, 0.2862472972371986)
(496854, 0.8983449863745286)
(183437, 0.6445705402992683)
(456559, 0.7709996860841383)
(246522, 0.22427864676956316)
(23359, 0.802996935543)
(545958, 0.8673874376994074)
(113867, 0.3277696151311648)
(472623, 0.8249618038418924)
(175535, 0.8087788784679234)
(129945, 0.866557182555841)
(482585, 0.7827817595774559)
(314182, 0.8641195872099892)
(65798, 0.2962008096184136)
(268729, 0.8934464395721434)
(216516, 0.7160350097276398)
(225184, 0.28144304341612697)
(63154, 0.11395814590718607)
(352582, 0.5425990722421427)
(111179, 0.30098830248782765)
(326627, 0.19643502628175227)
(476119, 0.5906094398634868)
(295138, 0.7224105810307375)
(413552, 0.8299486120025965)
(71877, 0.8544074553325178)
(548267, 0.29322263732319404)
(244379, 0.20677281381873697)
(227399, 0.3097059265383271)
(267537, 0.5118922036050588)
(357737, 0.6088185272902042)
(255965, 0.6300478083380886)
(172946, 0.7532962617030384)
(324158, 0.5249665809067979)
(237316, 0.8066031698162014)
(151962, 0.7505796898384138)
(54967, 0.25942526654665005)
(327592, 0.8286178370710455)
(262487, 0.8289401069632885)
(376264, 0.7536098068846768)
(84752, 0.15149498700129288)
(413247, 0.8388863871387471)
(297698, 0.7268952196492225)
(127987, 0.835966769822463)
(128654, 0.6741045998095219)
(15597, 0.7917752951837423)
(34257, 0.033885968455963304)
(231527, 0.9276661814711935)
(233567, 0.6855487526936371)
(81594, 0.7106940673942395)
(213422, 0.7820089631135329)
(558421, 0.8284409167298223)
(284743, 0.885309760032272)
(499622, 0.7746424271362609)
(271728, 0.7298581672233782)
(481413, 0.5833219686282889)
(445675, 0.7430799344863264)
(447169, 0)
(293474, 0.8422420872151989)
(96549, 0.8289283035430449)
(38829, 0.37131782796524393)
(383384, 0.9280583515002558)
(462371, 0.7424005347719487)
(51314, 0.8408458020179401)
(223959, 0.6886777839407541)
(187236, 0)
(486438, 0.8452149524173954)
(552612, 0.3547578787756464)
(395388, 0.9244095208785565)
(93154, 0.2243555066554446)
(4765, 0.20765930181139894)
(563648, 0.712857284157263)
(182162, 0.6686126255182124)
(319184, 0.936741359786893)
(192716, 0.8937655691842901)
(229358, 0.7644212292418677)
(71938, 0.7287597535042281)
(83113, 0.8461479680377734)
(289229, 0.3681414390092759)
(433374, 0.8270565413196418)
(318455, 0.40770448230484296)
(235399, 0)
(482436, 0.9544003477562377)
(418961, 0.8673907772277389)
(431848, 0.9710896044219148)
(58393, 0.4366250055706804)
(7888, 0.7685107822350642)
(287291, 0.23230632860415235)
(44652, 0.7952800468418872)
(33759, 0.5933814912076433)
(212573, 0.8943781971928849)
(383386, 0.6338676454810439)
(163951, 0.8795717778059432)
(476514, 0.8530556233865704)
(193743, 0.8646442676946172)
(292236, 0.5957541245758913)
(398237, 0.8023980246979063)
(338191, 0.6807710737302527)
(78565, 0.22714828212883592)
(239537, 0.8757770165479226)
(337987, 0.600453200861735)
(329447, 0.8880349369046281)
(491366, 0.819155358972158)
(458255, 0.8581146168280969)
(382743, 0.32789854596687484)
(47819, 0.8430812753375536)
(296317, 0.27900569159667815)
(88345, 0.7827182459743033)
(189475, 0.5127366531688339)
(87144, 0.48382649109040515)
(6763, 0.42435902123605995)
(396338, 0.4943573727563578)
(363666, 0.9154480981804031)
(143572, 0.010220820311698355)
(448365, 0.7539590486199597)
(376112, 0.802603408189641)
(287874, 0.8902999359158797)
(85682, 0.2704103760531431)
(559842, 0.5237410214195239)
(147223, 0.9226478418708985)
(262938, 0)
(431545, 0.8063361438545564)
(295316, 0.2512050084006915)
(398377, 0.947357386760524)
(31322, 0.22913892208041142)
(394677, 0.9281814235878337)
(378454, 0.548317877543983)
(292488, 0.44223875570727406)
(158227, 0.8611174712791182)
(274272, 0.536547404833567)
(176778, 0.7984207733911456)
(166287, 0.4654701490292025)
(417876, 0.6595407828925559)
(227985, 0.7971934016958253)
(556193, 0.8611827144551047)
(127263, 0.5631167898841277)
(26941, 0.6336646646972146)
(157767, 0.8807285856680428)
(356432, 0.8679771973345548)
(517832, 0.7328457196787439)
(163117, 0.8094361645267386)
(199395, 0.34074541688772364)
(275791, 0.44488630050910793)
(2473, 0.7361790583426886)
(393282, 0.7905519817614095)
(75612, 0.8928842479277256)
(539883, 0.8510715961084231)
(149568, 0.663930742275464)
(1532, 0.3991297249021854)
(117525, 0.8014558011420077)
(186345, 0.2747190337443251)
(535156, 0.7827551366482571)
(292225, 0.18667666874580505)
(473121, 0.7078845084999623)
(341719, 0.38920229602120043)
(129322, 0.8723976817926429)
(128112, 0.3321032093188418)
(26564, 0.5611505185018896)
(492758, 0.786738080889432)
(153343, 0.7449952810011156)
(577182, 0.3081342879563896)
(222559, 0.2950003371962585)
(533855, 0.9166363293194727)
(226147, 0.8277090844486173)
(152686, 0.5993153036215285)
(391144, 0.9168165379265282)
(56344, 0.4883495886841113)
(22192, 0.7073898537725593)
(44699, 0.301843504863676)
(273493, 0.23653235505162548)
(38825, 0.7673919126182449)
(33368, 0.616331175866977)
(556158, 0.6230883252339081)
(147338, 0.7677433307648588)
(227898, 0.5750895235373839)
(97988, 0.8560517315125546)
(322968, 0.15107246043748368)
(372349, 0.7778404372567299)
(64523, 0.9147174605475726)
(88265, 0.27273248037012626)
(246883, 0.46187274776549764)
(69356, 0.8993901486709411)
(262895, 0.84279378095987)
(475484, 0.6313601027710493)
(568981, 0.5425690295561906)
(578545, 0.7545778943241908)
(158548, 0.27919978922857913)
(579321, 0.8434878205193495)
(555597, 0.8934315469507813)
(1268, 0.631440157008552)
(231125, 0.42136572264684424)
(415716, 0.8380062847124873)
(345261, 0.8509981875733128)
(6471, 0.407707116120304)
(249129, 0.7399468637778066)
(31817, 0.7505410964938758)
(548339, 0.7847541900808931)
(281759, 0.8078195914014576)
(168337, 0.35049656523813405)
(131431, 0.7047226059250842)
(427256, 0.5463266595959856)
(284623, 0.6027019253434223)
(423229, 0.8334344589635662)
(299553, 0.3142072619664912)
(55528, 0.7741903426037428)
(264535, 0.309870238979697)
(338624, 0.4464949268312339)
(38678, 0.8760587572465578)
(418281, 0.30237622549135124)
(245513, 0.7515616542281828)
(224724, 0.2957776990217859)
(565624, 0.851113095296897)
(282298, 0.812880698508558)
(297562, 0.8018253566317134)
(499775, 0.7802459953641132)
(128598, 0.9318461563251128)
(74646, 0.3175630759151727)
(231339, 0.8098950609725086)
(61471, 0.7872856304347225)
(177893, 0.8046706831247397)
(439525, 0.43725523260331584)
(153529, 0.6728087289794346)
(885, 0.5872493694171268)
(296649, 0.6092970999027033)
(321333, 0.8673170355551094)
(47112, 0.7071259533656671)
(563267, 0.8518983324366209)
(195918, 0.6612625686166371)
(452793, 0.41996165561756643)
(129135, 0.8429277487398706)
(395343, 0.9291573310392875)
(345252, 0.8603443904636277)
(16451, 0.8054682200714094)
(474167, 0.6495250735971279)
(384949, 0.2896864460843168)
(467776, 0.8997682976755194)
(515579, 0.8283933052462831)
(375763, 0.7792353944219437)
(396526, 0.7263546212331045)
(323496, 0.7855349483034606)
(21839, 0.8439179143678472)
(511599, 0.3844579678263242)
(217948, 0.8308156919295445)
(86956, 0.8479386356208017)
(463849, 0.834653400650114)
(233771, 0.8542929356787032)
(11149, 0.5060441787879548)
(272566, 0.5112144522671654)
(91779, 0.8233852589890231)
(357567, 0.3342261121323608)
(426376, 0.7656403918260656)
(473974, 0.8653230941193663)
(425925, 0.30807312684431926)
(471893, 0.853900433088909)
(189775, 0.8097611259686877)
(241326, 0.8970054549645412)
(158945, 0.6897878167885337)
(518213, 0.693015597126855)
(533493, 0.9489090896589908)
(191672, 0.7355781797914419)
(159684, 0.9246510378796005)
(451693, 0.7354323663238447)
(68933, 0.9009304253643474)
(36936, 0.6690214501978379)
(213171, 0.6028538271554758)
(392228, 0.796531786283909)
(254814, 0.0)
(442836, 0.5767113607546283)
(425221, 0.4765341031900354)
(296231, 0.699554696026828)
(231879, 0.8364706991506518)
(281447, 0.8630830329946512)
(117744, 0.6731841094559314)
(355677, 0.7223640822131088)
(134722, 0.7553575940792127)
(246963, 0.2966879884179808)
(222863, 0.889763576237666)
(166478, 0.556363695821299)
(69795, 0.2459252422892339)
(188465, 0.8300486180115412)
(8762, 0.2713766200699843)
(156292, 0.5493783774595253)
(444142, 0.65750257372723)
(222299, 0.3530669735233696)
(176799, 0.667952273078207)
(281414, 0.5830580107788198)
(16598, 0.6465697862826864)
(138115, 0.8296925823705553)
(73946, 0.7232215622810797)
(154431, 0.41074956259161016)
(343561, 0.7174097813372444)
(257478, 0.854067204309519)
(488592, 0.7329598180474995)
(495732, 0.8644060027359087)
(315187, 0.523550071272923)
(569825, 0.8018083904555583)
(125778, 0.7332754284734176)
(75456, 0.9138042421213584)
(168593, 0.8942709347321167)
(336265, 0.17936255047406333)
(535578, 0.7502316894614178)
(323151, 0.7569375005884735)
(277689, 0.6720131338403077)
(356968, 0.8512544544925401)
(236426, 0.8856715090614655)
(494427, 0.8138291624174498)
(48555, 0.8681729247749315)
(161978, 0.5278722852089641)
(329614, 0.1895782932038829)
(193717, 0.5531204311133466)
(356428, 0.7815884124014246)
(431876, 0.41872224607600966)
(579655, 0.8459821431308052)
(326174, 0.7841956762731775)
(289343, 0.29173168529246696)
(171788, 0.5128835542941579)
(522889, 0.6866359379023713)
(124975, 0.8941865346579622)
(11699, 0.8622629938657067)
(113354, 0.7566199033227695)
(98716, 0.3401426537775174)
(445658, 0.7130643928222898)
(187243, 0.7798076866663802)
(429598, 0.7222511015748845)
(475223, 0.8109716896062404)
(36678, 0.0)
(355817, 0.7882407828831608)
(527784, 0.7914563229117223)
(126137, 0.570729804818304)
(161925, 0.8569582144288054)
(94185, 0.2849549997851022)
(724, 0.31253402489852083)
(215644, 0.7000265746397341)
(231169, 0.8483280499652328)
(49269, 0.2602327614913963)
(231549, 0.812049386066588)
(131131, 0.7263371853966428)
(122672, 0.8417851540866933)
(71226, 0.6326145646107089)
(153669, 0.7639668392554961)
(393569, 0.46284833380484464)
(233825, 0.5932066819087422)
(543528, 0.7627724343772446)
(379332, 0.8616296883511362)
(562581, 0.2535868657991163)
(151857, 0.7844881883802037)
(244411, 0.9069586997480648)
(81766, 0.7434011228818596)
(294695, 0.23553387303057635)
(455624, 0.6374636922205549)
(415748, 0.6480225674359403)
(479448, 0.8176011745356228)
(88462, 0.5282367493533083)
(245311, 0.33941433431629875)
(512648, 0.7735007560502074)
(462614, 0.805505398056082)
(565776, 0.1519920810784998)
(313588, 0.683956228633873)
(254516, 0.6036629956494503)
(229216, 0.8661479872337022)
(355325, 0.7793560535697883)
(417285, 0.8026562397198147)
(267434, 0.9297951293769061)
(334767, 0.7106318309258869)
(334399, 0.7093448919145449)
(314177, 0.8217301539469829)
(35963, 0.5844941139053984)
(131138, 0.8118371966938481)
(436738, 0.377011282339565)
(372466, 0.8617520380571483)
(382111, 0.46821267737490474)
(25986, 0.7952814477485906)
(93261, 0.8671074902837644)
(486112, 0.3561556153214017)
(445792, 0.23847975292009646)
(175251, 0)
(527528, 0.6145308603200742)
(579893, 0.7637645158558879)
(459887, 0.6773335867891801)
(253819, 0.6697826205397517)
(183648, 0.9103358258834898)
(432898, 0.4440940181127158)
(412286, 0.5724005524864342)
(458223, 0.23201944768918245)
(548555, 0.7598802954968704)
(36861, 0.8896334191408051)
(437351, 0.8998832057853065)
(397639, 0.8569784188743922)
(186422, 0.8747638490334442)
(522713, 0.8266354511885714)
(248752, 0.8138643414932353)
(274411, 0.8274563142322632)
(33221, 0.6175896170052236)
(194471, 0.735770022127701)
(15254, 0.8120927222003499)
(492362, 0.9040180014531303)
(52565, 0.853248266481365)
(397133, 0.4751072474620132)
(542776, 0.8517858388634199)
(424349, 0.8944071374155428)
(255536, 0.2934505020597125)
(574315, 0.7159171931407438)
(516173, 0.8443933748087488)
(257624, 0.8147208476969414)
(411817, 0.8319633389912043)
(499181, 0.6349571729943098)
(245448, 0.731274925332842)
(83172, 0.318025192336514)
(516316, 0.8887940758753388)
(264968, 0.7797411551213875)
(279887, 0)
(414133, 0.6065032797117871)
(261732, 0.888308148749776)
(227765, 0)
(364166, 0.800952627896038)
(263594, 0.8610538545128886)
(553221, 0.4329510599357426)
(51938, 0.24796911171418087)
(345361, 0.8108240663982436)
(464251, 0.9283966154399865)
(295797, 0.7821687471818457)
(451435, 0.2046925394089443)
(348481, 0.10094892739081696)
(362716, 0.7031229256306055)
(196442, 0.6763625572883718)
(326128, 0.8304184842992843)
(97337, 0.9339789996154938)
(322864, 0.22081640943679345)
(377239, 0.7641044701576912)
(69224, 0.5787640390651598)
(579635, 0.36160983868073926)
(112298, 0.8821086964755748)
(311295, 0.36312581819699447)
(319696, 0.8457424022501069)
(164363, 0.02221158025987872)
(121586, 0.19824339774120017)
(284445, 0.864429833909433)
(319721, 0.8968351613596013)
(386352, 0.8160200024142561)
(553511, 0.6964500811354459)
(188689, 0.6587597570521662)
(537355, 0.29526684526455405)
(192871, 0.4601214913572166)
(165713, 0.6906610868494392)
(526256, 0.21588328205140783)
(65455, 0.6803494672897066)
(476215, 0.47321207720674696)
(562443, 0.800710925111067)
(445365, 0.7217442929301351)
(53626, 0.8523604173630671)
(39956, 0)
(467511, 0.7641780362503592)
(261982, 0.6257276243199099)
(187585, 0.6183583725240528)
(222735, 0.8470927796858347)
(188439, 0.8819296762325901)
(325347, 0.9393367517679285)
(554328, 0.9115402999102061)
(515828, 0.46356060292987833)
(59635, 0.6299818690982696)
(575243, 0.6888967449582574)
(163314, 0.20796753142209354)
(368752, 0.6600707724429103)
(125257, 0.267124564465194)
(235784, 0.4930628464504099)
(246968, 0.7989580512697845)
(141597, 0.7415287064113265)
(343453, 0.8241547577416614)
(554735, 0.7880989091633203)
(533816, 0.7006128290609512)
(547144, 0.7905110501850229)
(514797, 0.9754550461740434)
(299887, 0.7665581623943557)
(29187, 0.8726566738062305)
(34452, 0.8109894064478763)
(485844, 0.7401059442796704)
(335658, 0.8514091431744732)
(324927, 0.8694862592145539)
(389451, 0.32226534038132787)
(4795, 0.8248188263324839)
(537812, 0.5584916217207377)
(492282, 0.6915968896345279)
(275392, 0.5134860402468071)
(377635, 0.8470749289357865)
(59386, 0.8062234844982595)
(295713, 0.8900712075801978)
(49761, 0.3978229830310228)
(229553, 0.6164330118657214)
(434297, 0)
(372718, 0.5950237357227863)
(163682, 0.8966634646053241)
(331317, 0.8272619557156535)
(172571, 0.8152760503512898)
(177935, 0.22879821732230818)
(271997, 0.7880498955427699)
(122969, 0.8267192306126937)
(171757, 0.8706276740907776)
(521259, 0.8947769655792298)
(51976, 0.2575184201939784)
(465718, 0.6922608132014109)
(54592, 0.7893805888841469)
(438269, 0.5502986571536587)
(423519, 0.8638129496635327)
(73153, 0.8970356457562311)
(541123, 0.30754339172420975)
(41872, 0.5358014540560815)
(311392, 0.2752575048248121)
(416269, 0.735856017657339)
(459662, 0.887237901237558)
(151629, 0.8238338503473278)
(558114, 0.8506995506809117)
(28449, 0.8536906427468866)
(7511, 0.3596664361198221)
(125572, 0.24938355649117017)
(553669, 0)
(99182, 0.5795240370233566)
(388215, 0.685035372855864)
(68765, 0.8873107663209601)
(27186, 0.8311604007791574)
(43737, 0.45336208829586633)
(236412, 0.7400484275783644)
(128699, 0.654500725164653)
(389532, 0.7057420538577485)
(551215, 0.9075031240055921)
(123213, 0.42315461486262795)
(538458, 0.851807681862634)
(115946, 0.21071686658568073)
(232684, 0.8000975887718238)
(319617, 0.8464635575920143)
(416451, 0.48987458668492767)
(525247, 0.8093826184504269)
(326462, 0.9019340666997616)
(575187, 0.7313233403477845)
(433243, 0.835099608657973)
(468954, 0.686872602512514)
(237517, 0.8185197401242414)
(429761, 0.8844568047008846)
(186938, 0.8759608768081213)
(142971, 0.7857012323287832)
(7281, 0.4266215799935271)
(153229, 0.9020713734955906)
(214539, 0.4863585905203326)
(464872, 0.7007050267957418)
(364557, 0.3396815627485809)
(417465, 0.7936796441986114)
(499313, 0.9020171360017335)
(96825, 0.7202277971130709)
(343218, 0.6134031767553382)
(256941, 0.8606983961029199)
(469652, 0.895446655410889)
(544811, 0.3855255163506119)
(117425, 0.5213788782992872)
(238866, 0.840608832500998)
(384468, 0.682885683537376)
(166426, 0.7337498086060789)
(284279, 0.7319665376046179)
(567886, 0.3297941175352076)
(57149, 0.8574471881072894)
(228942, 0.5730704912069213)
(58539, 0.6424969603556722)
(453981, 0.5118934926239624)
(61747, 0.9187309849802435)
(314294, 0.7472599090987563)
(381971, 0.4332576460882304)
(243148, 0.6427458694968626)
(193884, 0.30039299298225386)
(545129, 0.959775497801733)
(328337, 0.8132921397743061)
(434247, 0.2050765192252898)
(338625, 0.7947999097851267)
(145591, 0.5374361817618992)
(386912, 0.4176594392067763)
(425361, 0.7018973076479506)
(252716, 0.5600783938442064)
(432553, 0)
(569917, 0.83887595876654)
(581615, 0.912706236707905)
(234757, 0)
(346638, 0.7111181256682061)
(481567, 0.8112575767252189)
(32887, 0.8280852716929271)
(523194, 0.1728841234671222)
(64868, 0.4869734148742326)
(572678, 0.6627517267351147)
(529762, 0.7251206649947445)
(417911, 0.7737970383995955)
(346232, 0.5441352766472671)
(12576, 0.0971590621135228)
(6771, 0.922708628097853)
(121242, 0.46638216125056964)
(491757, 0.840338027146966)
(482735, 0.6278080897994416)
(537991, 0.6005888358097315)
(569273, 0.4178569231897461)
(79969, 0.711503211778258)
(334521, 0.8532849003270094)
(46252, 0.8041029703782734)
(556765, 0.7980659128950456)
(544444, 0.7992701523852734)
(288391, 0.9211831260792197)
(344816, 0.5570084783663547)
(455352, 0.8338032885786819)
(6723, 0.10816890196634209)
(342367, 0.8251746644111324)
(313562, 0.8231158352094329)
(139, 0.6385741688803086)
(281929, 0.8263994231930853)
(39951, 0.40967708844844813)
(336356, 0.731705533708077)
(39914, 0.7082909900820532)
(94871, 0.5915273448772338)
(381587, 0.9206881308913286)
(35682, 0.7288499407400745)
(248112, 0.3123275498255473)
(451144, 0.8332131098009831)
(388846, 0.7372290524612434)
(26465, 0.2333057506055109)
(137246, 0.8865447386673211)
(117914, 0.7989647151462506)
(87244, 0.6510490072606495)
(136355, 0.4814464873478284)
(73533, 0.837562677157447)
(444275, 0.7565542169765614)
(521231, 0.9647667294749172)
(534673, 0.5457874638859472)
(535253, 0.7580519369649488)
(453634, 0.7771995798320916)
(22371, 0.6682036886706366)
(439623, 0.5817682430428606)
(523957, 0.5755790099593012)
(191845, 0.32242999355474056)
(263425, 0.7011425994544915)
(252219, 0.8497345186851606)
(138492, 0.6949693496260843)
(122927, 0.8743935879811032)
(54164, 0.7366605116555165)
(146358, 0.835128043969734)
(343315, 0.3142105404040438)
(161875, 0.8787130776786755)
(418959, 0.35377787718458525)
(312237, 0.14473644563341753)
(343524, 0.9337133601699468)
(325483, 0.9181738112446258)
(379533, 0.8759771557575277)
(373315, 0.9191408923276587)
(23899, 0.7575452247345699)
(439522, 0.7479661142450119)
(453722, 0.7231290423083424)
(451155, 0.8040358318830001)
(349152, 0.9030477122883416)
(485895, 0.8845616422367313)
(133819, 0.4918997869646257)
(7278, 0.7522697261399681)
(155571, 0.7925235977032138)
(83531, 0.6409911250140401)
(328117, 0.8592868280568725)
(126226, 0.8660399493558317)
(439773, 0.8408523793507234)
(85823, 0.7114955545615291)
(12748, 0.911279215989733)
(415194, 0.578235566082345)
(179174, 0.42522463062090204)
(67616, 0.5340519718131034)
(47585, 0.8695568590244814)
(196759, 0.5315369791579331)
(199771, 0.799815629960271)
(187734, 0.8882738470507202)
(217957, 0.7212144840146275)
(167486, 0.6825099307853087)
(398652, 0.5237064198662938)
(416991, 0.4513097456772485)
(513524, 0.7763155513887143)
(382125, 0.6489240644361312)
(513283, 0.31236534997821513)
(428867, 0.8510084703910815)
(438876, 0.5058722220605899)
(529148, 0.6079658579180901)
(531135, 0.3990848661104332)
(458992, 0.7650706443873563)
(273711, 0.5171041216342833)
(365642, 0.5726751721998147)
(227511, 0.8573809251227785)
(68387, 0.8716091170877194)
(127955, 0.8210829920611421)
(25228, 0.6240185591937191)
(165336, 0.8837013299276057)
(58655, 0.6355661339545828)
(268378, 0.9128125142848359)
(437239, 0.9057369190093387)
(149622, 0.7489015399781315)
(79565, 0.8647125566013399)
(89296, 0.8357457076894225)
(581317, 0.866379970990761)
(376625, 0.2769124894006817)
(289222, 0.6875546074782086)
(577862, 0.8771785770924914)
(383676, 0.8392433205112478)
(431693, 0.9132742261849797)
(488673, 0.5006280053742317)
(255749, 0.8321292733696583)
(51598, 0.8125925891918163)
(1761, 0.23112296398443014)
(325838, 0.7582189150347778)
(439715, 0.8249373463542798)
(82696, 0.8763170641528898)
(162732, 0.9103950935748191)
(567825, 0.9324741003693304)
(491867, 0.8168197698799765)
(363461, 0.49982337348821704)
(385719, 0.6041310658057331)
(273232, 0.4244810790674877)
(331799, 0.6752460856754301)
(528314, 0.8021221559676638)
(42528, 0.5113431795561749)
(476258, 0.6412422594451432)
(178618, 0.8705310720146021)
(429623, 0.8331079840713622)
(289938, 0.5895501173715069)
(161879, 0.8928661213523894)
(229997, 0.8067440641597587)
(231822, 0.7149444060915552)
(437331, 0.5763808992152416)
(478474, 0.8127600094843963)
(447342, 0.5549917418381157)
(98287, 0.2604770679839049)
(129756, 0.32408238623037633)
(221291, 0.6344505845728231)
(534639, 0.929484876580808)
(466416, 0.0)
(131556, 0.2886914598246596)
(194746, 0.2713204964871117)
(232563, 0.6563821808560375)
(515266, 0.8847071552688178)
(16228, 0.4583877569951652)
(333772, 0.7750364307017088)
(51326, 0.7828018972960312)
(144333, 0.7429960865587024)
(262682, 0.4391873480185643)
(576654, 0.7997685514008853)
(54593, 0.5476928569821868)
(472298, 0.33703329059463616)
(79837, 0.2784286256320831)
(455157, 0.7930137169414265)
(225532, 0.3000640719060551)
(376322, 0.49442278583470267)
(368335, 0.9170814928317121)
(166166, 0.5175450986292104)
(98839, 0.8898744331909031)
(428111, 0.8070924639993776)
(47828, 0.43922477125464654)
(214224, 0.439609865957094)
(258541, 0.5065614003899221)
(97924, 0.6852375248415892)
(378116, 0.7446646221570404)
(179141, 0.6943867164147209)
(243344, 0.7611064201579071)
(496571, 0.5576602800716455)
(342971, 0.698375622881795)
(294831, 0.800607415588096)
(129812, 0.7182807528244299)
(423617, 0.7972097722697591)
(89697, 0.6998164523301545)
(527427, 0.7547664953723968)
(64499, 0.7455756603079424)
(147518, 0.3195688132477518)
(439854, 0.6788279031721313)
(333745, 0.7910204673999837)
(566758, 0.816063332644487)
(359937, 0.7755827561002357)
(454798, 0.8112732253184667)
(344614, 0.8845064685093823)
(36494, 0.22649721417113794)
(472678, 0.8053295812628796)
(377588, 0.3829450616929162)
(82812, 0.32942146284663715)
(249643, 0.5613876414067858)
(42889, 0.9048288728532041)
(446117, 0.9441195226402971)
(369541, 0.3543705270703844)
(482487, 0.6996192664961066)
(136915, 0.8245181303161495)
(492968, 0.8815455243379547)
(442661, 0.8131301484339343)
(185157, 0.5067835586368972)
(229659, 0.32439193287919177)
(133969, 0.8314537313016463)
(166521, 0.7698800959772008)
(213935, 0.9059221399603072)
(218997, 0.8624407029081107)
(442323, 0.7494360230289165)
(492992, 0.7849449341758615)
(416745, 0.7064423199185341)
(88485, 0.7401843554704395)
(217425, 0.888333717361663)
(255664, 0.5917563205894054)
(178469, 0.8256305400308089)
(66926, 0.9458130200528385)
(274687, 0.8239840609959799)
(319369, 0.5382435520510794)
(327769, 0.25390061557912563)
(565853, 0.7706221682627494)
(25424, 0.8856793180732986)
(182417, 0.9358630784459918)
(42276, 0.3085324139512862)
(441553, 0.5904076062620509)
(211825, 0.6784231099535967)
(237118, 0.85518664282767)
(287714, 0.5270396018524571)
(13659, 0.5787531127016132)
(224664, 0.40045376877223904)
(38118, 0.0017710474560129223)
(186624, 0.6074075582345442)
(358195, 0.9656199855752958)
(91615, 0.6499585677051981)
(234366, 0.24729490338014584)
(571893, 0.18627882854066247)
(1993, 0.9170968058743579)
(17627, 0.6862822228921638)
(17899, 0.3646469658048646)
(384513, 0.7962332157463674)
(289417, 0.890285228694828)
(519764, 0.7632224692002983)
(221754, 0.3033122794244346)
(357238, 0.26988285832032916)
(31749, 0.8194731302987954)
(466986, 0.7442766492064523)
(399296, 0.539723213591101)
(216277, 0.8610091033735456)
(266892, 0.21190455128467228)
(229753, 0.8039537749821656)
(226171, 0.8442086123055896)
(441247, 0.8057015756656436)
(449579, 0.6164050585467102)
(187745, 0.8341558445417769)
(39484, 0.8193712310806958)
(87476, 0.7704609418146502)
(438226, 0.8170337104276233)
(196843, 0.87434976144548)
(872, 0.7469122835052326)
(532493, 0.7347482935055075)
(336587, 0.7277676923856693)
(295478, 0.5640494871881707)
(132329, 0.283034484270269)
(273132, 0.9376418984213931)
(78823, 0.8135554711454926)
(546829, 0.7487045579377574)
(266768, 0.8112279252157293)
(61333, 0.6135961810091842)
(328238, 0.5719932981295434)
(173799, 0.7086424090178077)
(255718, 0.6961094289527937)
(163118, 0.7931385642157307)
(163257, 0.7156313431752023)
(233238, 0.7190449440554416)
(84431, 0.8489054720265656)
(334371, 0.3319858335234875)
(69213, 0.8720485885414205)
(553664, 0.8902051899753128)
(378515, 0.6790306599813595)
(18519, 0.6655746230577348)
(261161, 0.7485570086243009)
(394328, 0.8655704211371377)
(27982, 0.7979325351573425)
(133418, 0.6700214040409943)
(297343, 0.8862047078393781)
(457559, 0.570913405462582)
(128476, 0.7556413738376928)
(571598, 0.6474698483224239)
(223955, 0.47823667607847126)
(388258, 0.5045337274799865)
(425227, 0.2305547860563287)
(427997, 0.7059300032165123)
(24144, 0.9056681991549889)
(243626, 0.8127688811437844)
(465549, 0.9605792354494225)
(467848, 0.5865882374720925)
(161781, 0.8487593659311132)
(177489, 0.8214158099914534)
(164885, 0.3485574755924638)
(281687, 0.7803831438443721)
(533536, 0.6650826036769703)
(37777, 0.872152107659999)
(189752, 0.5307420137064328)
(169996, 0.4021995837008426)
(41635, 0.39697565467581925)
(366611, 0.8328943286483503)
(293625, 0.8219795838039661)
(535523, 0.6991905875982465)
(455937, 0.8619251193588965)
(53624, 0.4922391485534988)
(572517, 0.7785147850054134)
(183246, 0.443355093851763)
(146457, 0.5119732619176195)
(443426, 0.7967468047336316)
(361147, 0.5283413677847392)
(122962, 0.8733037720163512)
(25393, 0.5258132420196491)
(159399, 0.2744328241979394)
(68833, 0.4964273493548043)
(357742, 0.7525210571544709)
(392722, 0.5226564836561273)
(478136, 0.8148665438378624)
(362434, 0.7582595975354314)
(266981, 0.37369694788327273)
(449996, 0.41568460926939266)
(227686, 0.8252656134937656)
(413689, 0.5297246496225334)
(61658, 0.0)
(138819, 0.657816514806131)
(568147, 0.4716292882993524)
(114884, 0.9286076505729436)
(289741, 0.7077469855904845)
(352684, 0.8213464263891127)
(391648, 0.3108481557473681)
(136334, 0.5970740951565205)
(125952, 0)
(42628, 0.3617067093749647)
(423971, 0.785465494172552)
(169356, 0.846857607380455)
(449312, 0.8645730020149728)
(286994, 0.6791807986966834)
(574425, 0.8204736304183878)
(424642, 0.9114572952835747)
(561465, 0.8930476970675816)
(291664, 0.8090242764344433)
(369757, 0.857902308262024)
(17436, 0.0)
(426166, 0.7451517940166539)
(411754, 0.7999776028931382)
(445834, 0.8532468508634818)
(534827, 0.822295073307232)
(493442, 0.8216549692166027)
(173371, 0.782162382434502)
(58384, 0.2184999715557444)
(68628, 0.8715308747013673)
(223182, 0.8417605244380613)
(176857, 0.927163487458003)
(19432, 0.5024684256707305)
(526728, 0.690619237981088)
(52996, 0.742948388274936)
(473237, 0.9017653516204417)
(373382, 0.4236709686160686)
(251572, 0.8892165394391512)
(547886, 0.5821750317288423)
(364297, 0.6582698941435102)
(181499, 0.8515971332648088)
(11511, 0.35693472606419013)
(574823, 0.8646855717130726)
(22935, 0.2826257715756677)
(33638, 0.7904616058355796)
(172877, 0)
(128372, 0.7635797537266036)
(122166, 0.6465662909625646)
(252332, 0.6528371989488977)
(361571, 0.7733318603229152)
(88951, 0.7124435759976881)
(142324, 0.7155296640159854)
(76468, 0.741830389957134)
(296657, 0.8490492721743537)
(581357, 0.8839687201455668)
(564133, 0.7599700853603427)
(32941, 0.19058042720679935)
(356261, 0.9119151877776882)
(452515, 0.7444773764986619)
(522751, 0.6964436820284199)
(241297, 0.7921741506304254)
(24919, 0.8342287566357769)
(383621, 0.6641785576738634)
(45472, 0.3212392045932978)
(269113, 0.9663451428894002)
(473219, 0.953456439554944)
(422998, 0.8110722926527422)
(55299, 0.4470246491680023)
(333956, 0.8164078621971038)
(474293, 0.7622153937142944)
(131444, 0.7395672022832986)
(368294, 0.797728376021566)
(129416, 0.2750065376370249)
(246436, 0.895696993193857)
(385997, 0.5947564675220768)
(243989, 0.7461664500416234)
(563882, 0.33560035015556583)
(126592, 0.8166719725766465)
(559543, 0.9090338952827247)
(193926, 0.2606760818023312)
(326248, 0.7688875305143944)
(567898, 0.5073988836176079)
(198641, 0.5793295345331018)
(219283, 0.7876784565384519)
(8899, 0)
(216497, 0.8089556067935728)
(498286, 0.7209016420599024)
(137294, 0.7650567456566396)
(242411, 0.09821111433156542)
(383842, 0.8980294720114701)
(443498, 0.8568367980066799)
(248631, 0.8561059328629336)
(136715, 0.6990412867128794)
(565989, 0.43956200262562334)
(384616, 0.9146217277869834)
(324818, 0.6848438800233445)
(288862, 0.6964727806520664)
(369442, 0.34948536774090433)
(194216, 0.3483573868496241)
(122745, 0.9253331547961158)
(313182, 0.5877049797380148)
(576566, 0.888381510976963)
(61418, 0.8415242137569512)
(323571, 0.7710209118628014)
(312586, 0.8591404943292046)
(357888, 0.9083358730926141)
(322829, 0.5789915799997448)
(312489, 0.8058013424404316)
(289659, 0.7319538239046914)
(195842, 0.6919038657750083)
(2157, 0.701416422480418)
(558213, 0.20616847473340588)
(283412, 0.8294700291369232)
(323263, 0.8887421723152775)
(269316, 0.5495608267874988)
