(323355, 0.8981172604634198)
(456662, 0.9139065480417726)
(371677, 0.8749509643124873)
(341681, 0.887670364815026)
(384136, 0.8892329415363622)
(273551, 0.8619301733013796)
(519688, 0.8298606082568389)
(447611, 0.9045403722725893)
(74457, 0.8543033395665346)
(447522, 0.82967727385114)
(127182, 0.874618817496052)
(183127, 0.8973172858570282)
(157365, 0.7258204872352589)
(17379, 0.8302186905272028)
(239773, 0.8440994900570329)
(398438, 0.7438599298042312)
(179487, 0.8878229461894388)
(377946, 0.7628653819431641)
(463527, 0.8706202298338365)
(179898, 0.8576663702222882)
(13291, 0.17623005285589227)
(351331, 0.8361702386459783)
(476787, 0.8206677078446093)
(97994, 0.8564233622968224)
(239318, 0.8225698173880129)
(462629, 0.8821152389913473)
(172977, 0.8266624557644969)
(121417, 0.8977036601867021)
(516677, 0.7476140407898811)
(221281, 0.9025623661373829)
(364322, 0.9208748318047087)
(154339, 0.9628658895643751)
(387916, 0.8403552153225565)
(186282, 0.8818400394370693)
(13177, 0.8143397768170303)
(323895, 0.7950971281131793)
(162581, 0.8617482155221222)
(391375, 0.8947814466603723)
(184338, 0.7940134208609824)
(61171, 0.9051032201183362)
(159282, 0.8338418196711331)
(31217, 0.7893626544819435)
(439994, 0.8940356603298817)
(458768, 0.7906972250048797)
(324614, 0.8131577993266866)
(77396, 0.8812288043504444)
(229948, 0.8169849235170618)
(466339, 0.7793706656213943)
(469174, 0.8747923344822559)
(364636, 0.8939090822908945)
(426795, 0.4993444679844989)
(341469, 0.9171713091837647)
(37751, 0.9474373342961349)
(163562, 0.8530104563272494)
(565153, 0.9385474703857066)
(117645, 0.7276246368854694)
(197388, 0.9302955384995061)
(479732, 0.8127509258733122)
(456292, 0.803269690666859)
(577976, 0.8692719884674974)
(478286, 0.7573296679669368)
(13923, 0.8766919860167448)
(133778, 0.7735287103973699)
(553731, 0.8585564502801705)
(567432, 0.9005173849918854)
(212453, 0.8761500548661418)
(279927, 0.9050733030195932)
(459954, 0.7691320770609873)
(334977, 0.8977258128737414)
(259597, 0.8775287161592703)
(226417, 0.8418601960249174)
(213593, 0.7906699121521412)
(182155, 0.5296316255325929)
(199236, 0.8274930441529951)
(121744, 0.9099682713203376)
(2685, 0.7271173419800083)
(144932, 0.896468970702789)
(452321, 0.9423951979936352)
(264335, 0.880440144402636)
(562843, 0.8908441340023557)
(54931, 0.845698956548975)
(72795, 0.7546274272994737)
(336628, 0.86345272263266)
(381639, 0.7482397180814557)
(239717, 0.8799000647114075)
(559513, 0.7746697903101711)
(59598, 0.8447035646146697)
(128148, 0.7908121359775707)
(54654, 0.9051068508144803)
(291551, 0.7935937804840809)
(47769, 0.8908736017860015)
(94751, 0.8861872338208946)
(571943, 0.7561325747483714)
(557172, 0.6635370800898035)
(568814, 0.9350059098005656)
(13348, 0.8232879931576056)
(232489, 0)
(132796, 0.8237406154281071)
(116439, 0.8525614907103011)
(332351, 0.8090776534627839)
(62355, 0.7648153715588533)
(375469, 0.7833830509383786)
(433134, 0.925805211283891)
(256916, 0.8445604044501639)
(141328, 0.7950811224958537)
(377814, 0.9489639354821251)
(367386, 0.7760987565540373)
(499266, 0.8374554852065907)
(537672, 0.7624994377254779)
(577539, 0.7906177608749801)
(62554, 0.7549061412564411)
(44279, 0.8351718517743548)
(41633, 0.4131669334792572)
(314914, 0.8285469401477904)
(64462, 0.7840416791048728)
(483531, 0.7461004206128695)
(453341, 0.8223511466243503)
(273642, 0.780521209558116)
(532761, 0.802912613661869)
(92177, 0.7453130378761204)
(292446, 0.7769568337917926)
(236721, 0.8619692760672363)
(193181, 0.8573452762135931)
(514586, 0.8397370248404692)
(136633, 0.6755238660227452)
(64359, 0.9230524201867059)
(148999, 0.737384390231242)
(573258, 0.8554387132178132)
(4134, 0.8366045712679058)
(132622, 0.936518246964945)
(66886, 0.8531227180963159)
(497344, 0.7979795965680625)
(228144, 0.8922794166473897)
(1818, 0.8283363803516722)
(52413, 0.9295429015886865)
(545826, 0.8863861962688218)
(216636, 0.6591906689799744)
(76417, 0.8470814955840975)
(498919, 0.8453179883280476)
(193348, 0.9355547888212333)
(196141, 0.8321732586016634)
(146363, 0.7918487409676915)
(131379, 0.9047357327696861)
(261535, 0.913281108287129)
(319534, 0.7597727578977996)
(84664, 0.9040873187871268)
(332455, 0.7930198436249526)
(442456, 0.9029843818113925)
(53529, 0.7365505539601827)
(297147, 0.8023823418677386)
(483667, 0.8320434254930638)
(184978, 0.9031759890472157)
(39785, 0.8109549048991802)
(271116, 0.7510709374033759)
(551815, 0.8545516774457051)
(523811, 0.7561645288874898)
(134689, 0.7567777534313915)
(546717, 0.7997440894822143)
(457884, 0.8577934164218903)
(329456, 0.9336616796787532)
(164883, 0.8070686407635144)
(15497, 0.8960970075894625)
(419312, 0.794479478851662)
(157847, 0.7767710537437331)
(237864, 0.836718939690211)
(387148, 0.8861615627021813)
(291791, 0.9026243623755166)
(498857, 0.9201019617413344)
(419653, 0.8345270995444017)
(453166, 0.8640430070117133)
(269632, 0.8666498964402424)
(324715, 0.8714364495901721)
(495146, 0.8979107693652901)
(287959, 0.937047339346894)
(559956, 0.897333696355355)
(371699, 0.836283065691596)
(529122, 0.8314273473542139)
(124659, 0.8264948060623288)
(491213, 0.8873696887192513)
(85478, 0.9226488106742762)
(2149, 0.8781585427775108)
(493864, 0.7687525403674728)
(549674, 0.8400776213681385)
(377368, 0.7396798152965198)
(389197, 0.7939124552928295)
(577149, 0.9098424649857693)
(493286, 0.8856433946137116)
(515445, 0.8743678242091495)
(433774, 0.5030627195138514)
(19221, 0.9173105073899191)
(147729, 0.8611069140721027)
(177383, 0.9313450203007759)
(491497, 0.8751709901710996)
(359135, 0.9143740364480939)
(561223, 0.7810311843597855)
(455981, 0.7601325399855857)
(477227, 0.7214149458052886)
(181542, 0.839304829079764)
(78748, 0.7700555821832192)
(334555, 0.8719938958701686)
(362682, 0.8518864381525529)
(335529, 0.8495210805642253)
(494188, 0.7953503657934531)
(158956, 0.7319966187488557)
(284764, 0.8685836938360216)
(433915, 0.7998936453519209)
(153782, 0.8738568753624687)
(7816, 0.893666314346048)
(547519, 0.9416522397013474)
(578922, 0.8835876384790219)
(319935, 0.7521516837653888)
(163258, 0.9004852125099994)
(167898, 0.8914250250634027)
(14439, 0.08884131299951656)
(341921, 0.8376341156102566)
(18575, 0.7305126687056277)
(426836, 0.6756334196758436)
(396863, 0.8592206187541065)
(198489, 0.8820816363412676)
(546659, 0.8471279338983553)
(157756, 0.8282151986598435)
(184791, 0.8716240524850429)
(455597, 0.561628613555866)
(448256, 0.8511589299909457)
(529568, 0.778929453642276)
(48396, 0.8780269084414861)
(84492, 0.8641401675389554)
(291619, 0.8167892044269479)
(364884, 0.7051475773461698)
(25139, 0.9258998129495416)
(521141, 0.9074521664539692)
(34873, 0.819972970953057)
(544519, 0.9236194468498486)
(521956, 0.8298349810472796)
(365521, 0.8632112290172244)
(359781, 0.9073401577955762)
(572388, 0.80590355624639)
(221155, 0.915457808739231)
(263644, 0.6969997342949563)
(146489, 0.8940442851639727)
(172648, 0.8499332544901446)
(119365, 0.8121918809997313)
(122217, 0.8526051001652708)
(554156, 0.8719442269192591)
(331352, 0.9639200560456994)
(451879, 0.8593784438879984)
(166664, 0.9162894464261507)
(338325, 0.9250014770199366)
(525155, 0.7927418052233961)
(463842, 0.8362312823974452)
(137576, 0.8591405218250902)
(475779, 0.9076406645397223)
(252216, 0.9203527680132694)
(477441, 0.731485890583041)
(546556, 0.8312919876808603)
(515577, 0.8991938854708972)
(414261, 0.7216710865104831)
(329319, 0.8064673928244569)
(466125, 0.8798579138552838)
(218249, 0.7954747165682192)
(489764, 0.7550062151360977)
(27768, 0.8952411965549749)
(342186, 0.8495000839270666)
(177539, 0.8517485574610324)
(575372, 0.8798981686938316)
(512985, 0.9167757346225982)
(139872, 0.805153156569007)
(529966, 0.8829624172641969)
(88269, 0.888280236699389)
(297396, 0.8754485827974072)
(512929, 0.8204585293912137)
(465836, 0.9131928460737501)
(56127, 0.7343238961329179)
(512564, 0.8721304476887298)
(46872, 0.773674024615496)
(542127, 0.7933810190755624)
(182441, 0.9362536972397694)
(159977, 0.6888923136647082)
(437392, 0.8782848805572147)
(16249, 0.8584039269248721)
(415882, 0.44169759819557497)
(253835, 0.696578395573036)
(163611, 0.6954098961837085)
(354829, 0.780378326158478)
(138979, 0.904839963852381)
(197796, 0.7968317124019488)
(436315, 0.9825129408825958)
(414795, 0.8847493758532412)
(259382, 0.904790942602688)
(421923, 0.815769149574372)
(248314, 0.7859013024752218)
(537241, 0.8562990167563398)
(235241, 0.8957209097714861)
(417779, 0.8143848472791619)
(273712, 0.8294671791975944)
(193162, 0.8163160291171858)
(338532, 0.9235216385789821)
(528399, 0.8608016929240481)
(133645, 0.8539619542615137)
(124442, 0.9290549202303725)
(245764, 0.8975208763797629)
(2532, 0.7279979561259484)
(428454, 0.8105085957462776)
(161642, 0.8032610803165646)
(22969, 0.9352151319304289)
(116479, 0.692231235891314)
(52891, 0.8467318474725258)
(464358, 0.7885346771959693)
(121497, 0.7326903096358679)
(317433, 0.8726834472258882)
(224222, 0.813406306867084)
(557916, 0.7855035410976489)
(289516, 0.7228515223295353)
(497599, 0.8154399547141501)
(436883, 0.894412669598383)
(511647, 0.7955592958088282)
(167128, 0.7691609359385903)
(322429, 0.8913917177412332)
(126216, 0.9254403002678856)
(517523, 0.8488600034020899)
(361238, 0.7301175802603043)
(486573, 0.8189993850548098)
(156372, 0.7573585152889718)
(383838, 0.8374205291250467)
(222118, 0.8096434013042392)
(361919, 0.9683052809758985)
(342295, 0.936202539376962)
(112798, 0.789759447153415)
(569565, 0.9372741819697273)
(321887, 0.9041410519255256)
(316666, 0.8308440676873805)
(448263, 0.8132178211703951)
(145781, 0.7774615385887234)
(73118, 0.8035396050001454)
(147745, 0.9368725745650497)
(82765, 0.7940060866595589)
(77595, 0.8367472036291096)
(31269, 0.9596220961211759)
(296634, 0.5432996657137259)
(6954, 0.8865010539030169)
(328959, 0.9219273076676685)
(172595, 0.8389309487335644)
(5193, 0.9197747165946973)
(243495, 0.9189591538281641)
(263679, 0.8512432771660806)
(488251, 0.8016860164203151)
(72852, 0.6848580543799024)
(262587, 0.80487406429063)
(215245, 0.9001657884076146)
(397327, 0.8228602950720889)
(45229, 0.7460481302326115)
(477955, 0.7451976378135129)
(242678, 0.7806559679651704)
(459467, 0.669301416865833)
(25394, 0.8631971617281712)
(22479, 0.8690843380641502)
(186637, 0.9350376351117031)
(43581, 0.7399116658142695)
(164637, 0.7636139000444652)
(299355, 0.8041340024364036)
(347254, 0.8678493377918507)
(89271, 0.89838527771446)
(369812, 0.8773560587471133)
(445248, 0.8792473218319917)
(393838, 0.7008330214997489)
(252294, 0.6100381620751103)
(25386, 0.7571545010376651)
(92416, 0.7516737023049899)
(417632, 0.8328050429218333)
(286182, 0.6800191509545109)
(66817, 0.7816244495594287)
(181816, 0.8248835978127873)
(154358, 0.7703005660650958)
(57725, 0.9576317283850402)
(124636, 0.9264599090643971)
(29393, 0.8550620456247509)
(414673, 0.8652864765190814)
(219485, 0.7968380542362745)
(389933, 0.7966621017326692)
(467176, 0.7924980489737878)
(342128, 0.8813947774066553)
(169169, 0.7696786877016772)
(455872, 0.717810030301601)
(119677, 0.9247005643224625)
(91495, 0.8014566560142367)
(256195, 0.89805774051349)
(561366, 0.8256588898060032)
(365745, 0.8810816350138578)
(15335, 0.905818203315256)
(489611, 0.7455524382478607)
(422836, 0.7040271624880098)
(78915, 0.8882793906822307)
(151938, 0.8048124476404326)
(235836, 0.8621305372576727)
(223789, 0.8093374715694509)
(229311, 0.828250995984005)
(228436, 0.8325317936410563)
(447313, 0.8761156606854961)
(383289, 0.9277372867964844)
(572956, 0.8946190135305283)
(347174, 0.7544824144338483)
(576955, 0.7133885827951318)
(17178, 0.6613597182595825)
(4495, 0.23835601115655417)
(562561, 0.817735270816983)
(129492, 0.8546955628885249)
(424162, 0.8273934208426601)
(349678, 0.8402130235181302)
(248111, 0.7943314375692838)
(235778, 0.8622139265158125)
(283113, 0.7966647233889455)
(574297, 0.8879750756805849)
(147415, 0.779148377301086)
(539143, 0.8770650263539147)
(7977, 0.8938972849352675)
(236166, 0.8193424559442729)
(165351, 0.8208954722986627)
(283268, 0.8748100578189623)
(157124, 0.899899836710274)
(384661, 0.7085155940518767)
(179285, 0.8906101204137344)
(255917, 0.9569937867779901)
(132587, 0.8528215103538227)
(481573, 0.9223091630719493)
(18833, 0.7056020238419012)
(148719, 0.8978929691531936)
(43314, 0.12176514587283867)
(49759, 0.9502259903597119)
(368961, 0.9130244402111583)
(112378, 0.5566071410053883)
(391722, 0.7440992397050377)
(552775, 0.8742896138286894)
(424545, 0.8415426906389778)
(9914, 0.9008796667439128)
(434548, 0.8294980565941852)
(245915, 0.8626606703963876)
(322163, 0.8356018219447745)
(441491, 0.78157216015083)
(434996, 0.8868044729037804)
(492284, 0.7696536142477184)
(372819, 0.9297855942473822)
(32735, 0.7521440648859223)
(512194, 0.9059335758614281)
(311518, 0.9458535889318027)
(531134, 0.7312364743768526)
(244181, 0.871009413816236)
(276921, 0.8919669118870478)
(96493, 0.8522522914374575)
(357941, 0.7959473606804806)
(281754, 0.7923926535008756)
(463174, 0.8703145466699108)
(344795, 0.8825723734785008)
(163746, 0.9255919093831013)
(514376, 0.8455139574423716)
(217285, 0.8389215528598424)
(97585, 0.8553328833046956)
(98853, 0.8659497788950987)
(571264, 0.7565357700301893)
(2153, 0.8778681747785524)
(132544, 0.7230080075430786)
(328683, 0.7742808297029327)
(164969, 0)
(46497, 0.9709210860310882)
(95899, 0.9591146707280992)
(561958, 0.9423078264203977)
(295231, 0.8556316517117998)
(284698, 0.5213170677062121)
(82846, 0.9454221181187764)
(196754, 0.9019713180752612)
(7386, 0.7614977982223546)
(396568, 0.905038743106009)
(235857, 0.8919603556852315)
(247838, 0.9106341264117505)
(415238, 0.8703691970444183)
(336658, 0.7236126494219578)
(134112, 0.8980611421463989)
(94852, 0.8834659758519539)
(95155, 0.8784063965336879)
(516318, 0.7433110696364842)
(565391, 0.7162582666092822)
(95862, 0.533212302590962)
(125472, 0.9052692712029686)
(356424, 0.8394131427773984)
(125936, 0.8941417560706948)
(147725, 0.8616624250483432)
(98261, 0.920893968658555)
(451714, 0.9183725321341869)
(231237, 0.9424705140699412)
(539445, 0.9194923771111292)
(358525, 0.8062074555971117)
(525286, 0.7522351142248963)
(15956, 0.8755268076174111)
(329323, 0.8775827287995918)
(289594, 0.816382379634248)
(364126, 0.7298092240686821)
(224675, 0.9761433867242078)
(347335, 0.9011391942662886)
(296224, 0.844857811740696)
(37689, 0.5500918175604501)
(186449, 0.7371820960941866)
(558854, 0.8389515103471749)
(338219, 0.8756478361873474)
(471789, 0.9417887580763484)
(559547, 0.7938975189694285)
(345385, 0.6189619715005713)
(456496, 0.8743372958002392)
(133244, 0.8378929144389947)
(546964, 0.867243790368867)
(289393, 0.8949324532862541)
(565778, 0.7996895067258528)
(218424, 0.8779816452165298)
(493613, 0.8897792281149417)
(87875, 0.8492776425337796)
(367228, 0.8305608497337623)
(172856, 0.8927881944530611)
(29675, 0.9657549849825058)
(538364, 0.837452502760331)
(179214, 0.8596756295548915)
(389812, 0.8999741716659637)
(486479, 0.8000994030753993)
(433192, 0.9236013854754488)
(267191, 0.8514034046033696)
(565877, 0.8290008293906633)
(346968, 0.7905018705831699)
(484978, 0.8850745189584416)
(131386, 0.9179887434934152)
(483999, 0.8189443173289307)
(469192, 0.929418918349193)
(549167, 0.8520412992576308)
(534394, 0.917492644122588)
(6818, 0.8478861399568159)
(66841, 0.8470389542153903)
(85376, 0.8420608767378569)
(112634, 0.9213425642622824)
(93353, 0.8665256119289793)
(459195, 0.8899966499588082)
(29596, 0.02653777124028495)
(367818, 0.8170706315014389)
(117197, 0.89355404996626)
(479248, 0.7275790564056016)
(273617, 0.7936129490236885)
(366178, 0.8114249530611896)
(226154, 0.8378910083044179)
(11813, 0)
(521819, 0.877510620661953)
(279769, 0.8026127995288727)
(178982, 0.8245424079668403)
(378873, 0.420403528120089)
(215723, 0.8879803968440845)
(269121, 0.8551894282519295)
(194716, 0.8087761361051369)
(33854, 0.8607599706976018)
(187362, 0.8102144217689228)
(368684, 0.8339102255522887)
(8277, 0.7351916945870353)
(119828, 0.8179334819378176)
(255912, 0.7782502069470768)
(329827, 0.9099627295420392)
(118367, 0.7856623568802724)
(2431, 0.8707927112771239)
(532855, 0.8109521205640486)
(171382, 0.8628489490707576)
(468332, 0.9085412878652063)
(414638, 0.828021282005734)
(475732, 0.7909784875957453)
(154213, 0.8097881064407201)
(416758, 0.922778471135074)
(543581, 0.7564223435507901)
(458755, 0.8426304348561391)
(57232, 0.8810348263612139)
(22892, 0.8550301614842541)
(279774, 0.8917367826536285)
(423944, 0.7080700224378436)
(8211, 0.7585928766061815)
(415727, 0.76210380374841)
(226662, 0.821257250064899)
(185472, 0.8254033420999677)
(48564, 0.8539818117423439)
(334719, 0.8328659501589574)
(339823, 0.8069787174583463)
(119641, 0.903480220200341)
(468245, 0.7326235382358893)
(76547, 0.7175249651132137)
(239274, 0.8308403221334528)
(175438, 0.879534086441243)
(293245, 0.798616684896432)
(427649, 0.8280368164684111)
(213547, 0.7668811881460194)
(431896, 0.8489400670947592)
(2299, 0.8489407772816973)
(186296, 0.9091149640446754)
(18491, 0.9196426183896025)
(462576, 0.8277100004880112)
(86483, 0.3022207623948464)
(399462, 0.9399872147857395)
(389566, 0.9188441044711025)
(81988, 0.8460935357988395)
(415536, 0.8977850368536695)
(166768, 0.8619932235077117)
(564127, 0.8114496727875266)
(193429, 0.917829421804534)
(257566, 0.770290458047633)
(248334, 0.8802268192192091)
(133631, 0.7071693080226736)
(247917, 0.9409914092402812)
(17714, 0.83316461381262)
(474452, 0.8431297347712885)
(468925, 0.9011938236500426)
(85911, 0.772046209244971)
(396729, 0.7679006855506508)
(426372, 0.8710305939933451)
(493772, 0.8173864143319047)
(398742, 0.8658483839215952)
(471756, 0.8624724877530083)
(179642, 0.7867504063492174)
(389316, 0.6805158259264478)
(5477, 0.5500796319648842)
(167572, 0.7936919293207629)
(311928, 0.8953885530111455)
(273198, 0.8854645738102892)
(566282, 0.8422008719059193)
(252776, 0.8895113368151638)
(322959, 0.8487334639108335)
(24567, 0.13572367038987015)
(494759, 0.674600274574364)
(18837, 0.8116950226257607)
(181421, 0.7410884666183479)
(168458, 0.8836005454202155)
(463283, 0.9286157704451472)
(479596, 0.5091780814644258)
(193245, 0.9093146089397022)
(447187, 0.7725950323657258)
(262631, 0.8651879444772441)
(579818, 0.5188189938344197)
(565563, 0.8984435493127083)
(563349, 0.8446515288876363)
(2592, 0.797649473354555)
(347456, 0.9159120988616477)
(527215, 0.8398861066245511)
(475365, 0.95139825067907)
(253433, 0.8531656929832744)
(348488, 0.7639647961970818)
(459437, 0.7770246313414003)
(441468, 0.8691173561258946)
(143556, 0.8737925027421738)
(358427, 0.7420339857766426)
(155451, 0.7679353048098428)
(524456, 0.7408234366731525)
(423798, 0.6815611728942949)
(344621, 0.8863725820059205)
(75393, 0.8264204382062782)
(222455, 0.8831316302686842)
(464824, 0.7837834499369174)
(263299, 0.8214336553613698)
(561335, 0.7192260787711655)
(329455, 0.7662205650686532)
(197658, 0.8744603785090717)
(491464, 0.7553202852800786)
(298738, 0.684449726542565)
(148957, 0.9424451155700112)
(265777, 0.7624946364782608)
(284725, 0.7975004837842209)
(188296, 0.8841635272699659)
(148783, 0.9051199329499938)
(181859, 0.8199633957928627)
(239843, 0.8812297384019542)
(175443, 0.8043239996883337)
(455219, 0.8483733773433899)
(232646, 0.937453707625057)
(222458, 0.9193051095981444)
(572462, 0.8229430397832963)
(165681, 0.6006504739535261)
(152771, 0.7831180660026648)
(39477, 0.8356929413704656)
(184611, 0.6199398024107746)
(9483, 0.9182235104285943)
(47571, 0.9002313887185255)
(89648, 0.8361003299141803)
(283318, 0.7318441463770308)
(22396, 0.8963162837251686)
(298396, 0.7430640999770052)
(566524, 0.8972880393734388)
(57238, 0.8586276407309682)
(523782, 0.8799388129576218)
(8532, 0.8753266119253635)
(95843, 0.9211316233538847)
(215114, 0.7356739850160193)
(213224, 0.9120592187607625)
(256868, 0.904606993369546)
(494869, 0.8325192064504283)
(428562, 0.8351226005068403)
(66561, 0.9213828212874786)
(139883, 0.8516016275118943)
(166747, 0.8269145430278757)
(315257, 0.828767740940797)
(199977, 0.8336424509158322)
(325527, 0.9419992947383765)
(445846, 0.6427036397046351)
(5586, 0.1931601655565745)
(253695, 0.7833497697885659)
(184321, 0.7784000311239488)
(267351, 0.8608316615543843)
(518326, 0.7722857102817133)
(173383, 0.5620245850576279)
(55167, 0.888777307366821)
(236914, 0.901850392563175)
(227478, 0.8134838073533842)
(67213, 0.8943607571377044)
(74733, 0.8370300288638909)
(397354, 0.78266609106916)
(488166, 0.7862275008606867)
(334417, 0.8248068415848104)
(283785, 0.572059363262428)
(323828, 0.843797303357893)
(34417, 0.9183143108156546)
(571857, 0.803932837874288)
(35279, 0.9094305548433242)
(355169, 0.8292782503488243)
(178744, 0.8199209625318928)
(562229, 0.838943179358113)
(492878, 0.7505070421531418)
(376284, 0.8868040109282505)
(217872, 0.8462478915663957)
(335177, 0.8654916534222451)
(322352, 0.7353116883353654)
(357816, 0.782530513115012)
(452891, 0.8167008911651055)
(68286, 0.6878572697570875)
(545594, 0.8179165978369816)
(785, 0.911347811402353)
(193674, 0.8595763195013547)
(541664, 0.6808844356638022)
(192191, 0.9511658356195846)
(15746, 0.268814891086648)
(384651, 0.7543169716767111)
(552842, 0.662776069057581)
(526392, 0.8435393854037395)
(575815, 0.9110553362314564)
(427655, 0.8610466927795872)
(9769, 0.10447014669905612)
(221872, 0.7618525507328485)
(553776, 0.9163719887457238)
(172935, 0.9017102610659)
(442463, 0.893336241738932)
(294163, 0.7954597782339292)
(155443, 0.8457285670760325)
(155341, 0.913901233801278)
(174123, 0.8419768269273359)
(363784, 0.810630408494251)
(393226, 0.8600702108452154)
(84674, 0.6243415257645882)
(517687, 0.9003077514332886)
(199442, 0.7641120959036143)
(91921, 0.8558975176135653)
(511384, 0.928929691437461)
(298697, 0.8881120246588499)
(166259, 0.8862823335665035)
(482319, 0.7973083634631504)
(118921, 0.9218244172232796)
(361142, 0.8726678520596074)
(512657, 0.736611116860274)
(349594, 0.8346904226646896)
(189698, 0.9420100769052859)
(241677, 0.8550133524000361)
(224337, 0.8713905586432362)
(71711, 0.7927069581982815)
(149375, 0.885534798659485)
(437514, 0.8406366385999003)
(293858, 0.8680880674287005)
(534664, 0.9115276652870061)
(481582, 0.893811356149053)
(269932, 0.8726086049325696)
(186632, 0.5366970125209978)
(311883, 0.8071069665570165)
(519569, 0.7773103299106453)
(176634, 0.6894460215977213)
(377113, 0.9097423284312742)
(513567, 0.8076710453014512)
(142472, 0.9005047075783752)
(464689, 0.8041895859743448)
(541952, 0.7664789968862649)
(578871, 0.8580892843591087)
(292155, 0.8636989677951101)
(496722, 0.6532632991734192)
(26926, 0.3007380572203673)
(348216, 0.6451035735256009)
(171298, 0.911103098038521)
(49259, 0.8583356530325552)
(186929, 0.581668503000446)
(263969, 0.8464447390410008)
(449661, 0.7249393176902545)
(357748, 0.8327973561332507)
(532481, 0.8104220869377876)
(9772, 0.8338272595104014)
(261712, 0.8754837338783649)
(352618, 0.8332806719598931)
(456394, 0.7712173645168794)
(325991, 0.8970317855201232)
(51712, 0.8705575710555014)
(318114, 0.8161073500288435)
(456143, 0.7974340710093331)
(11197, 0.1292210335227208)
(529939, 0.8410559603215413)
(532575, 0.908913593516087)
(271471, 0.8223173652778195)
(153632, 0.8207817058838207)
(159791, 0.8685876902220254)
(216419, 0.7835794034386125)
(99114, 0.8569487356857302)
(296969, 0.9470013926354449)
(211674, 0.7886054691415318)
(76211, 0.5598667748545555)
(51961, 0.8649264613653277)
(175387, 0.9280800854832715)
(144784, 0.7788986001704189)
(92839, 0.9374724874777665)
(278848, 0.8448491798995729)
(147498, 0.8851230924405767)
(417249, 0.942697365708057)
(429718, 0.823463720878934)
(21465, 0.820347775560822)
(115898, 0.885106830986143)
(191471, 0.9483098941066969)
(516916, 0.8055009980046222)
(419379, 0.7896035789968396)
(445999, 0.9276401212992469)
(468632, 0.9061831621468293)
(88432, 0.8891121509728016)
(352491, 0.7671719353248758)
(393469, 0.620227115970208)
(78843, 0.819365620415191)
(447917, 0.8556370454536455)
(115245, 0.7923741117360399)
(176232, 0.4099909811564385)
(223738, 0.853826568490588)
(279541, 0.8475350004102906)
(161397, 0.7918718933634337)
(28285, 0.8822690393470576)
(14831, 0.9258099690513093)
(1296, 0.8077763262444206)
(95786, 0.9536499241152282)
(568195, 0.7695823186132691)
(444879, 0.9280493616984518)
(462756, 0.6506203000659609)
(446651, 0.778031280112582)
(459757, 0.8736764188728282)
(497568, 0.8285426263308684)
(477689, 0.8076606778323454)
(559348, 0.932949677573405)
(474854, 0.8087132449372255)
(41888, 0.8071946125092904)
(174231, 0.6904029319055922)
(527695, 0.7392320912795214)
(192699, 0.9426697370904463)
(313454, 0.8512856857584149)
(158744, 0.865133997334906)
(484893, 0.9014769241781061)
(548524, 0.7598766719832712)
(21879, 0.8958753250983011)
(424975, 0.7240363852882696)
(156924, 0.9341031988224623)
(181796, 0.8248699518338316)
(255165, 0.6458931102922515)
(371749, 0.8490224381844376)
(329219, 0.8230079060690609)
(356169, 0.6481389013004105)
(485972, 0.8618968909023863)
(119911, 0.8482450347116254)
(365385, 0.776167162957309)
(127476, 0.8274019115177728)
(93717, 0.8541547034939803)
(184324, 0.7960221792929763)
(358923, 0.7333124527052188)
(181753, 0.8301644791984518)
(5529, 0.7624911809997916)
(278749, 0.8222897373304678)
(127394, 0.8354569683477053)
(13729, 0.6233176044433734)
(144984, 0.8515940897706811)
(63552, 0.8460406780831728)
(384666, 0.9405752664587795)
(76416, 0.8417498664989558)
(82986, 0.7802220618596942)
(93437, 0.6745171304434829)
(497867, 0.858206417052243)
(219271, 0.8861438833346784)
(312213, 0.9118919802370026)
(577584, 0.813001977369356)
(475387, 0.8668526272510376)
(545219, 0.784069379048206)
(554595, 0.7846823885137506)
(47121, 0.7331937900818096)
(288762, 0.8254316970125637)
(66231, 0.8734825473318679)
(79588, 0.9204885957239672)
(166918, 0.6335709959527377)
(42296, 0.8739351229517851)
(79229, 0.8823338708751733)
(186873, 0.7636650023056418)
(424721, 0.8159080514635804)
(134886, 0.8935164729374444)
(29397, 0.786212102533227)
(374982, 0.8598214758628473)
(474786, 0.7136871835191535)
(374369, 0.758724389997782)
(44877, 0.8468550697229331)
(9891, 0.8520376166544501)
(189451, 0.8866130035293094)
(88848, 0.9060002559762808)
(96427, 0.5968303598994291)
(338986, 0.8122795598997559)
(434459, 0.82870721732936)
(48924, 0.8625975910887541)
(91619, 0.7555920228981545)
(125129, 0.8255991901262295)
(242287, 0.818982616930822)
(253452, 0.7339498267811516)
(363875, 0.793034955710902)
(177861, 0.8285332616923232)
(161861, 0.7663736845305282)
(535858, 0.7355803429255446)
(493284, 0.9155886023601617)
(288685, 0.8520609458407526)
(528524, 0.8709183905349229)
(475678, 0.9397788237335466)
(185292, 0.5726437460245737)
(399655, 0.7612856148012145)
(366711, 0.8964021414388107)
(31296, 0.6862437658490407)
(278463, 0.6945003607406615)
(473869, 0.8758559619843729)
(297595, 0.8122841518688821)
(116362, 0.4551924954002662)
(414385, 0.7814046746083957)
(76625, 0.8588946657738266)
(85665, 0.830736223224859)
(447465, 0.8870564484268321)
(7574, 0.7499132931899409)
(36539, 0.7513429702379512)
(287545, 0.9455746565395469)
(494913, 0.7640977210813362)
(216296, 0.7560535483362356)
(112626, 0.8558337932819318)
(258388, 0.8047097152893486)
(365655, 0.86761687959126)
(351823, 0.8638594433689539)
(22589, 0.8844231811633045)
(157418, 0.8492800008935726)
(414676, 0.84495034089274)
(78426, 0.9287436095994339)
(357459, 0.8915527091143507)
(568584, 0.6406439401816184)
(232692, 0.8212706344448153)
(57672, 0.8034749731346048)
(326542, 0.6889548834543109)
(72281, 0.9030990298843318)
(279714, 0.849045289849862)
(187271, 0.9175679202696893)
(571313, 0.8157630909541771)
(489842, 0.8598283191758204)
(466256, 0.7902923981378589)
(132931, 0.8665662085838253)
(43435, 0.005824128255880337)
(463199, 0.6237622507160626)
(443969, 0.7686128587767144)
(183391, 0.8218303588541523)
(54123, 0.905101309766087)
(519611, 0.9170765350850666)
(359833, 0.8707506890408905)
(52462, 0.9374732791884385)
(119516, 0.8688307587088083)
(194724, 0.8240018334794194)
(546626, 0.8681057720066216)
(453841, 0.8776826171273943)
(84477, 0.8575466061828408)
(261318, 0.7331308040345416)
(426241, 0.7705526444065798)
(512248, 0.8886243782844594)
(473821, 0.8464648164702039)
(488736, 0.9419820811883872)
(43816, 0.8059472324505947)
(189226, 0.867107507137521)
(344888, 0.7613600560436609)
(153217, 0.9276153615470466)
(488385, 0.9008586694070955)
(541634, 0.8472016845858551)
(166391, 0.8515735968893886)
(237928, 0.8624721755354022)
(496597, 0.794949822019284)
(547854, 0.8388659345555851)
(285788, 0.8718122676397473)
(19786, 0.891262087531166)
(325114, 0)
(31735, 0.8939025435090767)
(512776, 0.9087424861125561)
(453584, 0.8823382174079197)
(513484, 0.8923076698383158)
(152214, 0.8564701362242602)
(146825, 0.8387388607115911)
(265816, 0.8359393840910249)
(46378, 0.8168341830056054)
(541773, 0.9017768195121956)
(257865, 0.6581604094432785)
(276284, 0.9132311439588253)
(461573, 0.9042596987167294)
(229858, 0.8397853622833683)
(233727, 0.8925000193621635)
(288584, 0.8672895623947436)
(276434, 0.7608257566356873)
(269866, 0.7555114062960528)
(267169, 0.8598478049682816)
(463918, 0.8760298602562033)
(156278, 0.7538522479635754)
(377723, 0.9216178207260652)
(468965, 0.8989764452826887)
(217753, 0.4758138120168279)
(153797, 0.768694841394668)
(215259, 0.8299488190547492)
(125211, 0.9098751347781157)
(371472, 0.7378026899229405)
(438862, 0.8293778022933435)
(551822, 0.8994497455008694)
(561679, 0.8071030422878545)
(48153, 0.8110857141977222)
(424551, 0.8830552364592588)
(214753, 0.9187062989319783)
(12639, 0.830890814103304)
(117374, 0.8267183257948906)
(425226, 0.7922037211506069)
(278973, 0.6564680350444523)
(98633, 0.9016829207294971)
(256192, 0.7877386365353894)
(54628, 0.8453907412283884)
(88218, 0.9130389112236929)
(341828, 0.846886451805495)
(389684, 0.7572060904709719)
(327617, 0.7724569280518541)
(482275, 0.8064744213097672)
(235252, 0.9296908307434683)
(377486, 0.8937675206400821)
(458663, 0.7883524697924791)
(365387, 0.8789982698683163)
(438955, 0.9800298132685047)
(462643, 0.8064584828836316)
(571718, 0.9095789696465445)
(478721, 0.8584039387675205)
(345356, 0.6562287381076247)
(568213, 0.9090581991264937)
(549738, 0.8620918363985904)
(123131, 0.8239379306752493)
(146667, 0.8600740594285787)
(227491, 0.8544537634673152)
(65288, 0.8127842323830154)
(66771, 0.7210279849227451)
(542625, 0.8840159055125014)
(577932, 0.7578855294728611)
(389381, 0.7426857356519951)
(361551, 0.8825956384270215)
(85157, 0.8449295571821521)
(493799, 0.4621081751727221)
(146831, 0.8138735024698437)
(482917, 0.7556805922149029)
(94157, 0.8491682953506297)
(446574, 0.8245176853903264)
(477288, 0.8998438856957034)
(135872, 0.8113853466296462)
(139684, 0.7955518152579357)
(78266, 0.6487831725746036)
(62692, 0.8661136533606464)
(442822, 0.809713906475822)
(241319, 0)
(524742, 0.816139171544923)
(542423, 0.8472465143589534)
(248284, 0.7996388751040436)
(377497, 0.8780273398267185)
(331817, 0.46456943944100876)
(273715, 0.5577889737933681)
(363188, 0.7576623823865501)
(353518, 0.6417354703233293)
(294783, 0.7191724886834375)
(65736, 0.8156242813048141)
(231831, 0.7919911736243965)
(378453, 0.9043748912319817)
(142238, 0.8609196242978192)
(356427, 0.8668672091164029)
(322895, 0.811545192083407)
(527616, 0.8093506685914785)
(145597, 0.5466791576606864)
(511453, 0.9075345440762591)
(182611, 0.6836248946753781)
(343496, 0.8453660532222749)
(356347, 0.8135891568558385)
(156643, 0.8048572680930381)
(227187, 0.8635861151238132)
(561889, 0.4992172130348315)
(128675, 0.8286581171616733)
(394559, 0.8888780396347369)
(411938, 0.8070021243304599)
(462728, 0.6887543980477465)
(499768, 0.7463591942235801)
(349837, 0.9208857254378273)
(23666, 0.8209305533136916)
(66135, 0.9281010872652107)
(523241, 0.8782782852967532)
(275727, 0.7956288388490299)
(383921, 0.9497777133980106)
(249219, 0.9205058188979202)
(286553, 0.8155775945746642)
(328286, 0.8647043662749061)
(277197, 0.8620222387712237)
(212559, 0.931292634838358)
(289415, 0.8481266585762802)
(542856, 0.8948797785196337)
(568439, 0.9427326195112639)
(322574, 0.840669407689238)
(297427, 0.6797149111802873)
(469828, 0.7786672239939979)
(348243, 0.9246326905306893)
(214192, 0.8318059551993463)
(4395, 0.8318814166564089)
(335427, 0.7550241555533616)
(578236, 0.9128398856249429)
(258911, 0.863889999054023)
(521282, 0.8257984696650303)
(386457, 0.8900588485066518)
(243867, 0.8550603695892827)
(79144, 0.8417680566305036)
(531771, 0.7317041061494193)
(449432, 0.4708762665326449)
(287347, 0.7785791398322146)
(296222, 0.821780757005784)
(171611, 0.7948541121278326)
(14226, 0.8555987151115355)
(244592, 0.8624434804189641)
(388927, 0.8755047673685861)
(464786, 0.8058416685148261)
(546219, 0.673380045274857)
(272212, 0.9478938221030745)
(347544, 0.9045318000879008)
(14888, 0.8983340059355411)
(463522, 0.8515520529296906)
(579158, 0.8462903696281548)
(73326, 0.8120245602450583)
(395633, 0.8327906538422579)
(474344, 0.7752803807905115)
(52591, 0.9026879565588822)
(32334, 0.9106439379818565)
(369771, 0.8229156403428852)
(335954, 0.9506807001008648)
(113589, 0.7799510951753881)
(154425, 0.543794997132373)
(329542, 0.9703435132304901)
(342397, 0.8897273171261475)
(76261, 0.91568659925601)
(276285, 0.7317097482741696)
(554266, 0.3661824372101842)
(528862, 0.89946057547749)
(347163, 0.855396474179975)
(177357, 0.8512610911085675)
(454978, 0.7458065548561315)
(36844, 0.38494415647606145)
(511321, 0.910984299281046)
(361586, 0.8166469192405283)
(198928, 0.8013640960462635)
(394275, 0.8311319482189973)
(519491, 0.886593653615556)
(378244, 0.85654469558927)
(364587, 0.927262460863698)
(219578, 0.7522435574311537)
(11122, 0.8546200483478396)
(23126, 0.9287913967031121)
(162543, 0.9460101070519392)
(228981, 0.8728003467503305)
(457848, 0.811144929863244)
(438774, 0.8607153389120664)
(64898, 0.8561950552209341)
(475572, 0.7491036817251674)
(39551, 0.8106064362662656)
(153527, 0.8034580748210162)
(63965, 0.8772626423762463)
(484296, 0.943606277894126)
(3661, 0.6958920515001621)
(143931, 0.8605264215801277)
(464522, 0.8457966054972895)
(165518, 0.8904123093414212)
(127517, 0.9160320889799041)
(221693, 0.862339090309062)
(128748, 0.9234514989248621)
(154947, 0.9409376391932032)
(16439, 0.8787893766762389)
(279278, 0.8433764789955193)
(547383, 0.9346796426897208)
(23937, 0.8291791452890158)
(366225, 0.8294450375630799)
(468233, 0.7885902898550431)
(57244, 0.61728754649535)
(275749, 0.8562847548735352)
(326541, 0.8468510654593128)
(416534, 0.7900566609415915)
(163155, 0.9143496398094456)
(343937, 0.7624590156973334)
(548246, 0.8461965519990332)
(45596, 0.7449045618324097)
(166277, 0.8624465057047916)
(233139, 0.8663083942766544)
(256775, 0.9273114622672216)
(119445, 0.7214862234014905)
(397279, 0.9303890372058579)
(84241, 0.8856863010955929)
(366199, 0.7979833076719798)
(155145, 0.7729616612962391)
(465822, 0.9015586951066528)
(2261, 0.8566428612709587)
(481386, 0.7757393083832694)
(98392, 0.865780885325642)
(447314, 0.8758204961128959)
(248616, 0.9016762663169461)
(373353, 0.8498786084258129)
(213255, 0.8916755927500558)
(268375, 0.9246102197450758)
(265518, 0.8958186827884791)
(384527, 0.7266502130581433)
(458325, 0.8593815407931571)
(416885, 0.7966835383104481)
(575357, 0.9209372659385748)
(118594, 0.5780212979997165)
(222317, 0.7548731954298957)
(3845, 0.8122662467803263)
(578489, 0.8329163997206961)
(366141, 0.7169183181205985)
(134322, 0.895311237153068)
(442746, 0.8010487916042893)
(99242, 0.8900395271692825)
(124798, 0.8900771810356332)
(153299, 0.8679674729674396)
(168883, 0.9128735624389382)
(557672, 0.8825767142037724)
(225757, 0.861221192032452)
(289992, 0.9362062856348864)
(581781, 0.8604057634388403)
(446522, 0.8461928695628244)
(383443, 0.8301676550955598)
(291861, 0.8849350578616367)
(234413, 0.8892776303500202)
(16958, 0.9265985093141289)
(181666, 0.9067783326936506)
(523229, 0.9339541212534473)
(314251, 0.8876463392446974)
(298251, 0.9089540572164265)
(282296, 0.8053504701204051)
(149222, 0.7918857409591512)
(297681, 0.8030088654117145)
(422886, 0.8634254540258808)
(262227, 0.8688242542210853)
(479155, 0.6541180684926698)
(459396, 0.8880921162583781)
(275198, 0.8260373724963936)
(421757, 0.8481116115247364)
(478393, 0.8243388762809644)
(231747, 0.8653621783631095)
(179265, 0.8460337369446582)
(529528, 0.840917623390032)
(17959, 0.6857361027253398)
(135561, 0.8220102965279116)
(554579, 0.9016942846476594)
(166642, 0.9062599326602557)
(111951, 0.8641049401141656)
(53994, 0.3830080524159519)
(162858, 0.8381567526144815)
(386879, 0.8055842942245072)
(25181, 0.16831624013948512)
(3156, 0.739648004360835)
(473118, 0.8736092841530817)
(314541, 0.8874244557787616)
(494863, 0.8929955704559149)
(355257, 0.6732732949472251)
(243199, 0.8833154440946822)
(338718, 0.8193144921220599)
(336232, 0.8704516562109961)
(177934, 0.824532932184136)
(297353, 0.8074481477150698)
(463542, 0.9171138643204019)
(339442, 0.9040850848640314)
(179653, 0.8160621749811303)
(345466, 0.8589850979903293)
(365886, 0.8301165465885041)
(174371, 0.8054660199223738)
(369323, 0.8837132828561958)
(547336, 0.825718787059452)
(293794, 0.8249008433387782)
(253742, 0.9358957688985955)
(279145, 0.7859165892411375)
(379453, 0.9497217734219762)
(86755, 0.6700226908071576)
(396518, 0.7574264985032256)
(322211, 0.8401162963207968)
(9378, 0.8531781102152891)
(451571, 0.8392954697732448)
(74256, 0.8416329860775715)
(85195, 0.8433435434972615)
(369751, 0.8577452179664041)
(491613, 0.8964605394752805)
(157213, 0.8962684228557177)
(89761, 0.7995919799508224)
(322724, 0.8869928884982126)
(471869, 0.9306514522215317)
(139871, 0.9052830866174463)
(232649, 0.8384415771405694)
(318138, 0.8271780055636485)
(42178, 0.45442064929910897)
(184762, 0.7938937599884597)
(185473, 0.8198428132318043)
(472375, 0.7704718909362929)
(258883, 0.8998116202356963)
(479126, 0.7710353315902956)
(413395, 0.7937187872906425)
(17182, 0.8017755131433654)
(242946, 0.8101202492815537)
(439593, 0.8242036674667761)
(441586, 0.8931095903247184)
(142585, 0.6903399097037057)
(351589, 0.9161742910911594)
(154718, 0.8021720700934527)
(123633, 0.8512642128856236)
(174482, 0.8349976400386911)
(27972, 0.8946326574081361)
(464144, 0.8777772917822426)
(24243, 0.8953848505657347)
(341973, 0.8598648109293577)
(426253, 0.7060636873604953)
(562243, 0.8020527815648282)
(194875, 0.9044842463019087)
(368212, 0.8355017944035763)
(314264, 0.8070783920241879)
(441442, 0.7653166135501994)
(132375, 0.8721041677555411)
(478862, 0.8223035321686526)
(195165, 0.8192890615964373)
(44195, 0.7802238512341235)
(18193, 0.7173036198233839)
(313783, 0.7180080160988273)
(89556, 0.8639933634655338)
(371552, 0.6408733210300159)
(519522, 0.9382346823099006)
(441286, 0.7802836337150545)
(261888, 0.8258568850117962)
(131273, 0.7475564974579243)
(288882, 0.9105429161791249)
(378673, 0.847412322196048)
(224119, 0.7151805801837576)
(379842, 0.767653593336338)
(577864, 0.9245406601140294)
(37988, 0.8823002272197664)
(297578, 0.9260038486327044)
(8629, 0.912726307595813)
(466156, 0.9007545793294718)
(465129, 0.6591967940474558)
(244496, 0.8153962772517918)
(34139, 0.5242214694895639)
(343466, 0.8243922110932715)
(66635, 0.8793916525043365)
(267933, 0.9278126742609215)
(474881, 0.8989812945697939)
(395575, 0.7948020354062717)
(183675, 0.7529064207454059)
(138954, 0.5316034548237974)
(331569, 0.8939818014680078)
(85329, 0.7833227536180448)
(511999, 0.9285202028312359)
(493566, 0.8388108371321659)
(226984, 0.7595081609725188)
(217614, 0.8437771784635305)
(356531, 0.8215176378094444)
(515982, 0.899321315606097)
(121591, 0.8192684594977303)
(359219, 0.7594960787328447)
(97278, 0.8875695821742581)
(372577, 0.8588896088492779)
(459272, 0.831106809464737)
(285, 0.9175743553985194)
(229747, 0.9361628910262655)
(443844, 0.8106094373576912)
(225946, 0.797764955697191)
(94336, 0.7360296791242378)
(512836, 0.8211221468480641)
(323799, 0.8939725720385852)
(562121, 0.7774558794542803)
(397351, 0.7629084450300759)
(474164, 0.8232821236221138)
(546823, 0.7981776762456129)
(477623, 0.8034297281795066)
(157928, 0.7948746993101662)
(376365, 0.9005875541733648)
(117492, 0.8143859073899019)
(21167, 0.9032636904196913)
(312552, 0.8616776800471444)
(236599, 0.8418961370717619)
(347265, 0.7786980290539305)
(357978, 0.7997127914362199)
(84362, 0.8728609929085092)
(463647, 0.8620443446083769)
(514914, 0.868316879334275)
(311394, 0.9802068927725154)
(434479, 0.8044594672702413)
(356612, 0.8639067054455583)
(455716, 0.9499132736204231)
(62353, 0.8795485707222852)
(573391, 0.8895706037670486)
(172396, 0.6477870131018284)
(5992, 0.9307065630297756)
(471567, 0.47834611820808315)
(192964, 0.9206058411782375)
(19742, 0.7174818481833866)
(416343, 0.7115073719781021)
(212895, 0.7549346695609132)
(97679, 0.7805138384637482)
(119452, 0.8763082366672785)
(428218, 0.8145117312179733)
(491683, 0.9250917258603762)
(119995, 0.865974147572018)
(92939, 0.8543831316533682)
(283717, 0.7876916152807356)
(467315, 0.7705913542534074)
(196185, 0.8726823714522058)
(212166, 0.837580252682504)
(343149, 0.8806442864792816)
(578792, 0.8176779297201571)
(383337, 0.8019521832346543)
(426268, 0.7434598925412786)
(216739, 0.8167384756937862)
(146155, 0.8993940587919788)
(412894, 0.7683546988354595)
(31248, 0.7548515944697063)
(426329, 0.923870087923821)
(141821, 0.7443662658293255)
(379441, 0.7683468338321822)
(442161, 0.8873670685881485)
(375493, 0.7535147260177458)
(532129, 0.8533528379895423)
(578967, 0.8587205473682575)
(547816, 0.8945490579670331)
(278353, 0.8174339964898512)
(222825, 0.8861770426149742)
(35197, 0.8329757503627411)
(217219, 0.9010784776119758)
(412362, 0.8402952325519814)
(563653, 0.8201533955194525)
(191614, 0.8670537610327667)
(349184, 0.8205762138031669)
(159311, 0.9231094614974394)
(269942, 0.9057832406294315)
(551439, 0.8124365860095849)
(13546, 0.0)
(292997, 0.7941965623532872)
(7784, 0.8782149679187394)
(189213, 0.8471993063269694)
(72813, 0.8318093396964473)
(311789, 0.667284589419369)
(82688, 0.9061674157685043)
(166165, 0.8380169577350043)
(484351, 0.832836363021515)
(57597, 0.246767764189184)
(284296, 0.899766138408109)
(256518, 0.8230676685402921)
(464476, 0.8294292055888061)
(187144, 0.6209730934625914)
(392481, 0.9164555889614389)
(285894, 0.9048323470084333)
(29984, 0.9157343849760663)
(475191, 0.8619655112540477)
(561256, 0.8767084875322845)
(136466, 0.8666658844972659)
(17115, 0.9008995185904582)
(437898, 0.7881077225931605)
(242724, 0.9093197337549896)
(445722, 0.9251945880996508)
(132116, 0.6142808114798582)
(194832, 0.8953629076773296)
(419974, 0.7132550023509202)
(64495, 0.8419087397010514)
(93965, 0.9237952287594228)
(242934, 0.882892855858322)
(133567, 0.9470993202368845)
(261116, 0.877268653910674)
(115118, 0.8224996093208439)
(94326, 0.7251220608641264)
(38576, 0.0)
(365766, 0.7769802448250739)
(161799, 0.723611449538373)
(179112, 0.9176759865139859)
(56545, 0.310864287655168)
(79651, 0.8548654237849358)
(182923, 0.7162298957577766)
(537827, 0.8168551876236487)
(56288, 0.8344601028275623)
(274219, 0.9023280764195828)
(234526, 0.861083559841768)
(441543, 0.8334259575617174)
(143961, 0.8147028112006238)
(82821, 0.703375291532932)
(188592, 0.781090607455768)
(439426, 0.8837469704978613)
(356387, 0.759551496582172)
(67896, 0.9151760824191205)
(335328, 0.8215453063145751)
(94944, 0.812229945741754)
(161128, 0.754909976157099)
(573626, 0.8840108911123433)
(92124, 0.7224898333484506)
(442993, 0.5407383315049888)
(485237, 0.9041215600303733)
(572555, 0.7651244081895313)
(495448, 0.8897304142120008)
(469246, 0.825049912650357)
(291634, 0.7964887756504214)
(165831, 0.8441491436051806)
(259625, 0.9345550649837331)
(9448, 0.8081238128471194)
(85772, 0.898108407152292)
(411665, 0.837040948273856)
(184384, 0.8512003402011418)
(516871, 0.7917541735579667)
(521717, 0.7961149324684141)
(94614, 0.8109055359663242)
(144798, 0.8323015288589688)
(294162, 0.8894789949334845)
(1584, 0.9014459681429896)
(454661, 0.9125368202047022)
(239857, 0.8799998373712777)
(334483, 0.9284011073692513)
(387383, 0.6251727945578195)
(361268, 0.8963866986795332)
(32285, 0.8796064963131599)
(436617, 0.8655478215323825)
(498747, 0.7630437222586147)
(129113, 0)
(424521, 0.8269260208378812)
(195754, 0.8038078799069904)
(463618, 0.7991154106880177)
(268831, 0.9067151188828652)
(356248, 0.8227904747847944)
(452122, 0.8426342642903321)
(15517, 0.8271617655518586)
(3934, 0.07003356604572678)
(566923, 0.830870053053582)
(263966, 0.8332691504181833)
(496954, 0.8590334019731241)
(121673, 0.8475455122159311)
(259571, 0.8342052321011507)
(372317, 0.826220924392775)
(537964, 0.8695928372189684)
(284762, 0.8879468555314062)
(18737, 0.9301733736635543)
(252559, 0.9046247936238654)
(345469, 0.8970160819315899)
(569972, 0.8309086060301811)
(51738, 0.7055535057889619)
(581482, 0.8424024012193917)
(251824, 0.6197020558780962)
(138639, 0.7524498886977409)
(337498, 0.8404572833980406)
(215778, 0.8535087217860396)
(239347, 0.8142376322686528)
(148739, 0.6420151240584417)
(374551, 0.8949476425108603)
(394611, 0.899547529395513)
(177213, 0.8059339942767929)
(496854, 0.844505143166398)
(183437, 0.9154094835773897)
(456559, 0.7920771820218249)
(246522, 0.8574412220719245)
(23359, 0.7348941845206781)
(545958, 0.9496379013479372)
(113867, 0.8846578825440827)
(472623, 0.9225062906046095)
(175535, 0.922887126433583)
(129945, 0.9098043615326906)
(2923, 0.7659321468326967)
(482585, 0.9115355186625316)
(314182, 0.8092005250464508)
(65798, 0.6355053847226231)
(82715, 0.807965952929232)
(332318, 0.7929532024466308)
(465675, 0.7649121772828589)
(268729, 0.6931582321112512)
(216516, 0.753907038641831)
(225184, 0.908985839057828)
(136772, 0.8300672368619829)
(63154, 0.8187768245710982)
(352582, 0.8989367512688773)
(111179, 0.9677449319652824)
(326627, 0.9381808566533748)
(492937, 0.7922895366548034)
(476119, 0.8797609560567468)
(295138, 0.8644863892892747)
(412887, 0.8345313670036006)
(413552, 0.8135576756775441)
(71877, 0.8947157943094217)
(548267, 0.960698244864538)
(324258, 0.8298677616532174)
(244379, 0.7914749619139871)
(465179, 0.8800084060070938)
(227399, 0.756294892993713)
(431568, 0.5667065267003154)
(267537, 0.7764247334187651)
(357737, 0.8550467665149414)
(255965, 0.8948717428009371)
(172946, 0.8456445118578487)
(324158, 0.8482723176618354)
(237316, 0.7485382176628652)
(151962, 0.7418404843620781)
(54967, 0.6019960168983376)
(327592, 0.6836748384581193)
(262487, 0.9393172169004365)
(376264, 0.7450658717723614)
(84752, 0.7895590526688787)
(413247, 0.8407030877839933)
(297698, 0.7208290809814608)
(127987, 0.8726874584948535)
(128654, 0.9123503196033287)
(15597, 0.8306411501178254)
(34257, 0.8477093780523133)
(231527, 0.8983602693547089)
(233567, 0.8626477392890016)
(81594, 0.8483126843135376)
(213422, 0.7803358939779881)
(28993, 0.7940287641353405)
(558421, 0.5322668762545018)
(284743, 0.7922620547255073)
(459153, 0.7800629388147545)
(499622, 0.7303408065779671)
(117719, 0.7456887792477281)
(176847, 0.7836198630370631)
(377393, 0.8134854390369395)
(271728, 0.8222248824172361)
(481413, 0.9307845515099052)
(445675, 0.9057143223142675)
(447169, 0.6888571261697892)
(293474, 0.9247228938502486)
(96549, 0.7951860283662824)
(232244, 0.9014440194394755)
(38829, 0.4960497237539023)
(32861, 0.8228453372203282)
(383384, 0.6857586446314751)
(67534, 0.9014744570644078)
(452784, 0.8715594713610569)
(462371, 0.7396894721100292)
(51314, 0.7904978848506703)
(223959, 0.8054957157036217)
(187236, 0.9541896232133571)
(359677, 0.8258068244353611)
(486438, 0.8175597131366777)
(552612, 0.929821020366262)
(395388, 0.608281219870551)
(498463, 0.7557190731213062)
(93154, 0.7763484728962842)
(4765, 0.20081055821674745)
(563648, 0.9079907571231828)
(479912, 0.6150268331611899)
(182162, 0.7543064924719024)
(319184, 0.9381455281888313)
(192716, 0.8124592846080172)
(229358, 0.8398681045322218)
(71938, 0.8016374097695197)
(83113, 0.8911709147199763)
(289229, 0.8551161802823111)
(433374, 0.9062685181715715)
(318455, 0.7762081171113798)
(235399, 0.7137183019212713)
(317999, 0.849327073938877)
(482436, 0.7876638092413234)
(418961, 0.6111110637965874)
(431848, 0.8991796645700008)
(58393, 0.8061199680532176)
(375278, 0.8230488885630463)
(7888, 0.7679831669007519)
(287291, 0.8653648908198176)
(432468, 0.8976309768326642)
(44652, 0.9237004191884728)
(33759, 0.8188388395762467)
(212573, 0.7019180889357484)
(383386, 0.8935660578547923)
(144114, 0.8949024628671793)
(163951, 0.8207040306029345)
(556873, 0.8432460088368782)
(476514, 0.6716697994468136)
(193743, 0.7860770552868372)
(292236, 0.9165724370933569)
(12667, 0.8269570122446894)
(399764, 0.644173277023901)
(398237, 0.8348356376009358)
(341196, 0.8322707369367381)
(338191, 0.9122569900675169)
(468577, 0.6255115989133448)
(78565, 0.8439856049417805)
(239537, 0.9053157006044672)
(489339, 0.7090745869806663)
(337987, 0.852943816294739)
(296284, 0.9150411115055015)
(329447, 0.8564413798026524)
(491366, 0.8694788512487301)
(125245, 0.818197961636507)
(167159, 0.8938364817222145)
(458255, 0.8093666327012945)
(382743, 0.9580380905654499)
(361621, 0.8220236505985683)
(537153, 0.6062368448873872)
(47819, 0.8158463801984147)
(296317, 0.8971253052176142)
(88345, 0.7490634912689291)
(189475, 0.8632076147484903)
(87144, 0.8526965961002524)
(553788, 0.837712627284156)
(6763, 0.75417400276466)
(396338, 0.810392547317262)
(363666, 0.7444294526563922)
(143572, 0.7851169026879687)
(448365, 0.9207654683910431)
(155291, 0.9204112992970502)
(376112, 0.8705172046133182)
(229849, 0.9351139161317936)
(287874, 0.8513480121397219)
(85682, 0.9111068628344192)
(559842, 0.8393926286968375)
(147223, 0.8862723663955709)
(236845, 0.8911421493053845)
(262938, 0.8633719133574808)
(431545, 0.6139696201571657)
(295316, 0.7477839907809017)
(398377, 0.7380595357546671)
(31322, 0.921269127765282)
(257896, 0.7701254377716351)
(479953, 0.9052607926384681)
(165257, 0.7165436559152792)
(394677, 0.9304779481299654)
(378454, 0.9475090014622274)
(292488, 0.9414200291194905)
(158227, 0.6894004804777979)
(274272, 0.8389161842535013)
(176778, 0.876540369551488)
(166287, 0.896686546709538)
(577959, 0.6839630695302422)
(417876, 0.8771966844961919)
(227985, 0.7778927856711698)
(556193, 0.6955191393907724)
(127263, 0.8620710184166249)
(26941, 0.9029316423696654)
(157767, 0.7247505238917009)
(356432, 0.8456145646420257)
(517832, 0.7042798380810014)
(163117, 0.8009270808146899)
(199395, 0.7817987230028226)
(275791, 0.8105301554566635)
(2473, 0.9139717676537339)
(13597, 0.8109718255279648)
(393282, 0.9139386697849149)
(75612, 0.6900052296515886)
(539883, 0.8445898500429928)
(149568, 0.7807865460913369)
(1532, 0.4321157594598685)
(321118, 0.8388505309764629)
(392818, 0.8300676561521847)
(117525, 0.8317149130933499)
(177714, 0.8167033307435665)
(124277, 0.8130126394464243)
(186345, 0.8242648054380374)
(277584, 0.6748484069080302)
(535156, 0.8349913732463098)
(292225, 0.8892997477850813)
(473121, 0.934923525052422)
(341719, 0.8573578082743574)
(129322, 0.9579054162172227)
(128112, 0.8810563288866964)
(26564, 0.8118490839668551)
(546475, 0.7030500487302649)
(492758, 0.7870676956878335)
(153343, 0.8938858116835015)
(172649, 0.8421663955970213)
(577182, 0.8592243337361269)
(222559, 0.864462941159758)
(533855, 0.9105077078680732)
(226147, 0.7978760556567382)
(152686, 0.8307142468492383)
(553339, 0.6797302046763948)
(391144, 0.9075171478872951)
(56344, 0.8687734702588239)
(22192, 0.8345194179480615)
(114871, 0.747523878779579)
(44699, 0.9411287559819363)
(273493, 0.5937248687668172)
(38825, 0.9310396277480499)
(33368, 0.8763223684638022)
(556158, 0.8853879942280977)
(147338, 0.9113347903268001)
(58111, 0.8414054177747339)
(227898, 0.8578406911383235)
(97988, 0.92306205458589)
(322968, 0.8924302172221791)
(372349, 0.9057540997174943)
(64523, 0.9213187789186557)
(455448, 0.9005786630224432)
(88265, 0.8732528364772798)
(246883, 0.8611773627864432)
(245576, 0.6799459808224618)
(69356, 0.9231183602830038)
(262895, 0.8863789066472112)
(475484, 0.8658382245166123)
(348881, 0.8566472527244853)
(568981, 0.8720027188715845)
(578545, 0.8030004971894655)
(158548, 0.8611203970292428)
(263796, 0.9448048174267555)
(19924, 0.8732935176325989)
(191288, 0.8638529315700975)
(39769, 0.37543507430545847)
(555412, 0.9238649344789102)
(86582, 0.8224521597955394)
(579321, 0.9059086269288312)
(255747, 0.8147375107498342)
(7795, 0.9195918893327213)
(555597, 0.8477638559849034)
(183965, 0.8737485701863701)
(35326, 0)
(1268, 0.31865458040423034)
(231125, 0.923071495516055)
(344268, 0.8340476888602187)
(415716, 0.8185080742103863)
(511398, 0.9126836390303675)
(345261, 0.9594214935755211)
(426297, 0.8964661250190071)
(6471, 0.8394367990931628)
(249129, 0.8800419018559044)
(31817, 0.7665241672026923)
(548339, 0.8595684462118348)
(281759, 0.9003859763842622)
(347664, 0.9011757934481097)
(168337, 0.8865762701994937)
(131431, 0.8488764102051485)
(226592, 0.9071709069765777)
(427256, 0.851730166707445)
(284623, 0.9400079285215155)
(423229, 0.8238309988849305)
(299553, 0.9253934830808213)
(61584, 0.7614124429525854)
(55528, 0.7570356884228143)
(264535, 0.8161417556794954)
(338624, 0.782227446497764)
(38678, 0.9160620478876909)
(245173, 0.6968521244811943)
(67315, 0.7247637454378615)
(418281, 0.9111254799920401)
(245513, 0.8325850792047216)
(565962, 0.8463686849775757)
(224724, 0.8110360564444825)
(565624, 0.9202589735902037)
(151662, 0.8332695809443822)
(282298, 0.8652492452248803)
(297562, 0.9005027324061502)
(562818, 0.8720738901550066)
(499775, 0.8295486702653532)
(128598, 0.9251599152053047)
(222235, 0.8430812044616082)
(482477, 0.8441110528792085)
(74646, 0.7578327190661245)
(145665, 0.8279110972547069)
(79188, 0.7719565099375083)
(231339, 0.8787229493128301)
(61471, 0.9505116129802339)
(177893, 0.9097821712386571)
(439525, 0.7688942405978119)
(115885, 0.8808666943349546)
(157138, 0.8399849955201016)
(153529, 0.855679691623792)
(885, 0.8228289506498607)
(296649, 0.9069128660040525)
(321333, 0.8015567919307028)
(522638, 0.9372965435101296)
(47112, 0.7884808286911552)
(14473, 0.7873243649727444)
(141671, 0.7955140632461685)
(563267, 0.7698389612471113)
(195918, 0.8610012363660366)
(476415, 0.7952262248631262)
(452793, 0.79058134528793)
(485424, 0.9069015996429282)
(129135, 0.8386128228864355)
(557258, 0.8171402017471864)
(118515, 0.8379812554955528)
(395343, 0.9244830630714775)
(345252, 0.7674595961711554)
(16451, 0.6482000672069169)
(474167, 0.8010192427830065)
(384949, 0.7620466973190901)
(467776, 0.9061602145195501)
(52412, 0.7971333198926553)
(515579, 0.893755182889227)
(375763, 0.9337961524567724)
(396526, 0.79004344414486)
(552371, 0.8278086520847586)
(323496, 0.8896246298163414)
(21839, 0.7897587135654693)
(511599, 0.49814722797800665)
(217948, 0.9447399290056476)
(379476, 0.686834569396358)
(86956, 0.7176034347476165)
(386277, 0.7681934756207335)
(463849, 0.9063565298932169)
(233771, 0.8132042175599397)
(11149, 0.3941289138539649)
(286458, 0.792935519571599)
(272566, 0.9199037470836351)
(91779, 0.7080835789486712)
(357567, 0.9058132163722982)
(374545, 0.8341128441389578)
(445439, 0.9274961456699011)
(426376, 0.6239332579475929)
(287649, 0.8548141706575874)
(473974, 0.9685493180676381)
(425925, 0.9051925341779657)
(471893, 0.6317642860216788)
(189775, 0.9265112182380719)
(293324, 0.7028429344283691)
(241326, 0.8047824028343)
(99428, 0.6537696978660679)
(158945, 0.8509365569014791)
(518213, 0.8487088486327018)
(533493, 0.8704057047904927)
(191672, 0.7461620201982659)
(159684, 0.9047230475883858)
(33114, 0.849314719361572)
(451693, 0.846203374519706)
(68933, 0.8733607795280347)
(36936, 0.5614635692566424)
(526197, 0.7583086335315383)
(213171, 0.8593155549517102)
(392228, 0.85876634201493)
(416837, 0.8449858205881026)
(249786, 0.7934836783865999)
(573943, 0.9016979360855065)
(254814, 0.8885275561235544)
(442836, 0.8880316039749094)
(425221, 0.805928894908533)
(296231, 0.6432488973069539)
(231879, 0.7746433747658872)
(281447, 0.8878002481110674)
(117744, 0.7663128051796881)
(355677, 0.7672715860680169)
(134722, 0.8592950280720418)
(246963, 0.8894342765341907)
(185599, 0.8759943372827412)
(222863, 0.8969586682418054)
(166478, 0.8547453953495797)
(133343, 0.8361650214353407)
(69795, 0.7438142580574678)
(188465, 0.5383570822991183)
(351559, 0.733098377345477)
(8762, 0.9045316362093873)
(156292, 0.8176184388707438)
(394199, 0.9364705240570133)
(263463, 0.82532011507218)
(444142, 0.7906388851979642)
(255824, 0.7735878303707545)
(522393, 0.8134355692574915)
(222299, 0.8743457218353933)
(176799, 0.77491965178785)
(281414, 0.7908721487677536)
(16598, 0.7926069428689271)
(138115, 0.7920178904808879)
(73946, 0.9249285024771231)
(154431, 0.7583445150308655)
(343561, 0.9249522267235197)
(257478, 0.8526305780307544)
(376442, 0.8959440446944598)
(465585, 0.21027338492284914)
(488592, 0.9253353173544119)
(569976, 0.9523772130692961)
(495732, 0.8865095062635251)
(315187, 0.8068464133004482)
(569825, 0.832209860881673)
(389315, 0.8513381022658348)
(116825, 0.8954376843852655)
(125778, 0.9021951312032191)
(179392, 0.8495035494728116)
(75456, 0)
(168593, 0.9052928505501285)
(336265, 0.8247696547117631)
(535578, 0.9456464776867937)
(323151, 0.8435800036125037)
(277689, 0.9099560861049091)
(356968, 0.8933507418123207)
(236426, 0.8160920545992111)
(494427, 0.9319020250442905)
(81738, 0.8198645525243551)
(48555, 0.5879918045363366)
(161978, 0.8783390704812779)
(76731, 0.8758604639713602)
(549136, 0.7563620763772119)
(119233, 0.6588268820401421)
(329614, 0.8254342423365936)
(179765, 0.8119830158646043)
(193717, 0.8853095884133442)
(356428, 0.8254494502498423)
(519338, 0.8226105459586678)
(431876, 0.8501033194333492)
(579655, 0.8681348085429506)
(326174, 0.8483079001229643)
(411953, 0.7832752213118861)
(289343, 0.7494951505571854)
(171788, 0.8424512120632027)
(522889, 0.8626916491736801)
(124975, 0.8834307644152501)
(11699, 0.8008015982048916)
(113354, 0.7674627670294519)
(23781, 0.7924949687009767)
(98716, 0.8872015912968807)
(445658, 0.859062317394681)
(187243, 0.8694040847778273)
(429598, 0.8458336513221909)
(475223, 0.9393977260403212)
(36678, 0.0)
(355817, 0.9140777341890296)
(527784, 0.7999787967983694)
(126137, 0.9119786649716217)
(161925, 0.8992254711705372)
(94185, 0.9375786477946926)
(423123, 0.7867175872477322)
(724, 0.33273317718676115)
(215644, 0.7832788286032777)
(7991, 0.7748789749697722)
(231169, 0.8771823355274599)
(49269, 0.29222069557119024)
(231549, 0.9007795348095086)
(429281, 0.7736459787857328)
(131131, 0.7482695852990893)
(122672, 0.7740653008581158)
(23272, 0.7479301883067198)
(71226, 0.7575330923728343)
(153669, 0.7853758991851519)
(393569, 0.8300587232357433)
(233825, 0.7663036269215786)
(543528, 0.9277590307097177)
(379332, 0.7418702316938899)
(366884, 0.6014841298565257)
(562581, 0.5315172576517988)
(151857, 0.8045347768720391)
(244411, 0.9465323920753165)
(81766, 0.9095017318868549)
(294695, 0.9039011467667047)
(269682, 0.9301343389875917)
(489924, 0.6709102495246538)
(455624, 0.8816358076622081)
(415748, 0.868034740538254)
(479448, 0.8659753619686895)
(461751, 0.7111492460516606)
(88462, 0.8152761102824013)
(245311, 0.819530423407425)
(512648, 0.9283717151667116)
(462614, 0.943997166298475)
(565776, 0.6075164631735078)
(313588, 0.8885644989640596)
(254516, 0.8620568239564758)
(229216, 0.75341637325678)
(28452, 0.8840644219013927)
(393115, 0.7389897914219372)
(355325, 0.8167109835095658)
(292415, 0.8784690557364954)
(514979, 0.845294016636114)
(417285, 0.6776350029851647)
(267434, 0.8864533505731703)
(334767, 0.9406678690682189)
(334399, 0.8561575795441083)
(482978, 0.8564804266619717)
(378284, 0.8676958723490105)
(314177, 0.8935513184792412)
(35963, 0.6664982148935952)
(131138, 0.8841400055123745)
(436738, 0.8798897334131965)
(372466, 0.825118113821345)
(382111, 0.8543594623439272)
(25986, 0.8436350683607434)
(93261, 0.7885554479845884)
(486112, 0.689015958169932)
(445792, 0.7995276235485939)
(175251, 0.64488572672391)
(527528, 0.8461882759541359)
(579893, 0.8722506362074469)
(481159, 0.8369159221431014)
(459887, 0.8329328035314156)
(253819, 0.8952898519579974)
(183648, 0.9265479348060403)
(432898, 0.897710216421022)
(412286, 0.8658538840122719)
(239627, 0.8884766780947002)
(458223, 0.782781572470605)
(548555, 0.9156368756064273)
(36861, 0.8906382051522)
(437351, 0.8990424132377854)
(397639, 0.9101392903424954)
(186422, 0.8914946754011008)
(522713, 0.7928988515040846)
(248752, 0.698228607298879)
(274411, 0.8270133572784814)
(312421, 0.8840710403673061)
(33221, 0.6049997029338174)
(194471, 0.7924369042241903)
(15254, 0.8318466744250314)
(492362, 0.612240793209957)
(52565, 0.8537193269626541)
(113235, 0.8751328108726106)
(281693, 0.7886194397197368)
(397133, 0.6999810104285262)
(542776, 0.8261429616087256)
(424349, 0.8793580446120852)
(255536, 0.7658632385017766)
(574315, 0.7729725596575473)
(516173, 0.8672406084833495)
(257624, 0.9288191731179118)
(412531, 0.8453705460908326)
(411817, 0.8461014697247948)
(13774, 0.8428593031861196)
(499181, 0.8654237613389048)
(333237, 0.9036257751241625)
(245448, 0.920776788411699)
(83172, 0.7593975968317213)
(516316, 0.9206821868241866)
(264968, 0.595709690526764)
(279887, 0.858039676489263)
(414133, 0.8296519541372365)
(261732, 0.8084189118756299)
(227765, 0.7065519771546696)
(364166, 0.897003964125191)
(263594, 0.8554017857765098)
(553221, 0.7393776490051828)
(51938, 0.8567054204525577)
(162415, 0.8127794453727297)
(345361, 0.8214132941209807)
(464251, 0.9004143379291065)
(295797, 0.8560332037648485)
(376478, 0.9205739574103966)
(451435, 0.809028213283236)
(348481, 0.8848102382293304)
(392933, 0.9317653749937835)
(362716, 0.8478632712515607)
(196442, 0.7820012289552756)
(87742, 0.7805237621225639)
(326128, 0.7313178770098006)
(123585, 0.930567600832)
(97337, 0.7578624086266476)
(322864, 0.8595040557415776)
(369675, 0.8753623447525121)
(377239, 0.9127129754920826)
(181969, 0.9308762401495211)
(69224, 0.8719577481743386)
(579635, 0.7588829933470366)
(112298, 0.7096644514542078)
(81394, 0.920703280864205)
(311295, 0.8391764817552466)
(6894, 0.7442829572863225)
(319696, 0.856216117784347)
(164363, 0.9224810070736164)
(352584, 0.7631691758386306)
(121586, 0.8390541078906637)
(284445, 0.8823022613229637)
(319721, 0.8937511136704865)
(386352, 0.883640589453088)
(553511, 0.8428215938855306)
(188689, 0.7424752916899626)
(537355, 0.9297559579529334)
(192871, 0.8438295287576054)
(165713, 0.6887411327999294)
(154644, 0.8494607031556645)
(526256, 0.90859375750364)
(65455, 0.892118193380312)
(476215, 0.901258422819803)
(562443, 0.8713478338204675)
(445365, 0.9351462662790441)
(536947, 0.8730102679545205)
(53626, 0.7445562246670591)
(39956, 0.6272350890394034)
(467511, 0.8197484202052766)
(261982, 0.8344484295352977)
(187585, 0.8016463964080623)
(116589, 0.9217751251321485)
(167122, 0.8426344379253712)
(234779, 0.9487343066875423)
(222735, 0.7449537353692095)
(188439, 0.7964671751119782)
(325347, 0.8917352516042042)
(85576, 0.9624941535084889)
(554328, 0.7657582184828469)
(515828, 0.8024016114160422)
(59635, 0.9251383222233631)
(491216, 0.6862059255383529)
(575243, 0.6321347125534496)
(163314, 0.8428177339451297)
(368752, 0.8354054602046529)
(125257, 0.909476565820449)
(376278, 0.9452983667173009)
(235784, 0.6994392843936397)
(168619, 0.888608716056814)
(246968, 0.8279859057506699)
(141597, 0.7763972497305329)
(343453, 0.9236228199644239)
(554735, 0.8780777126609248)
(533816, 0.841332318859745)
(547144, 0.8835183833984241)
(514797, 0.8747055157624887)
(299887, 0.8310327545148091)
(29187, 0.7076508386612481)
(34452, 0.8627079594329639)
(485844, 0.7170429524285915)
(335658, 0.8539670070948102)
(324927, 0.8697000016063633)
(523175, 0.6704778501827546)
(389451, 0.915771358739107)
(4795, 0.8567497537374357)
(537812, 0.8341829885861063)
(492282, 0.8968571461049757)
(275392, 0.7431341566528873)
(377635, 0.6503918130532926)
(59386, 0.8547134030651788)
(135673, 0.8985243026833736)
(383339, 0.8636040888466034)
(295713, 0.7523829183538372)
(49761, 0.8770353884948847)
(229553, 0.8139205354640455)
(434297, 0.6480374341029909)
(343934, 0.7589659066347239)
(562197, 0.08202938326245744)
(152465, 0.7859624319114972)
(372718, 0.8798743479560971)
(163682, 0.7073684967041066)
(172571, 0.671688048776354)
(177935, 0.7867526502402211)
(271997, 0.8193864087652154)
(122969, 0.9041163619514357)
(171757, 0.886163665230828)
(151516, 0.8181664506827631)
(525322, 0.8621614583957775)
(521259, 0.9081218490345563)
(51976, 0.8244670026593253)
(465718, 0.8859266355347976)
(54592, 0.6744650270592744)
(438269, 0.7728797969978289)
(423519, 0.9685997957952583)
(73153, 0.9145791464144356)
(541123, 0.7049983383167292)
(41872, 0.7869089543935333)
(311392, 0.885579711519497)
(416269, 0.8860330717139466)
(459662, 0.9043962659854596)
(151629, 0.7762508861258098)
(558114, 0.783934977772528)
(28449, 0.9146456114847399)
(123321, 0.7219738476364057)
(7511, 0.14011080281477895)
(125572, 0.8157521789449447)
(553669, 0.7008838141069522)
(241668, 0.7525527192622843)
(99182, 0.8664397392989495)
(388215, 0.8922506067350716)
(546976, 0.8303570011673024)
(68765, 0.8524211357742218)
(27696, 0.7527089245339967)
(27186, 0.8846502941797829)
(43737, 0.8249896175433826)
(236412, 0)
(128699, 0.8528787383748142)
(389532, 0.8962207021925352)
(487583, 0.875984154527347)
(551215, 0.9585174613134289)
(123213, 0.8325417001653312)
(272416, 0.835692724209138)
(538458, 0.9245261142519934)
(115946, 0.9194922280420168)
(232684, 0.866085314013457)
(319617, 0.8807814768607032)
(416451, 0.6576142495225635)
(525247, 0.9205651429536315)
(326462, 0)
(575187, 0.8943996825974738)
(175364, 0.6489476194449462)
(563281, 0.6652096506419309)
(433243, 0.8322865279441506)
(272136, 0.8133224650730426)
(468954, 0.936216928280947)
(237517, 0.8116791622887782)
(429761, 0.9018552649915663)
(186938, 0.909454651870498)
(142971, 0.833317077717038)
(7281, 0.8853633131906697)
(435299, 0.8822918183889155)
(153229, 0.8701338422750923)
(214539, 0.8932269212492255)
(464872, 0.718389552377182)
(554838, 0.8353745452210859)
(364557, 0.8052945214820302)
(417465, 0.8999507004867584)
(499313, 0.8605376320493708)
(96825, 0.6489487873726493)
(378139, 0.8568571386973052)
(343218, 0.8594745331616397)
(256941, 0.8929187268014787)
(332845, 0.853515481885873)
(1675, 0.8691503153813539)
(469652, 0.9148786441661492)
(368982, 0.8020688934850547)
(321214, 0.6075016616361458)
(8844, 0.8732350433449616)
(539962, 0.7811757392411549)
(544811, 0.8720854533397888)
(117425, 0.8511950655938793)
(232538, 0.8360182261824077)
(427338, 0.7878973287141215)
(238866, 0.9275980391949052)
(384468, 0.8323648990294261)
(166426, 0.8322715233615859)
(377575, 0.8342567806789638)
(284279, 0.9161028764598561)
(567886, 0.6831441806445878)
(376856, 0.917924888368794)
(57149, 0.744268043937299)
(228942, 0.8043006719557133)
(58539, 0.8444319844950621)
(453981, 0.6644019333826947)
(488664, 0.7819404640208323)
(61747, 0.7824644953870066)
(284991, 0.8394325970520944)
(314294, 0.9185250979609945)
(381971, 0.8765360490826278)
(243148, 0.8286693542400453)
(193884, 0.9308843607300105)
(545129, 0.9682408095025589)
(328337, 0.8333634166354789)
(512476, 0.8803504250400266)
(434247, 0.6696410274194279)
(159458, 0.7613967815468525)
(338625, 0.8456760399735886)
(145591, 0.7606872998316452)
(197528, 0.7855026051689769)
(386912, 0.8446015334676464)
(425361, 0.7769671730792986)
(566436, 0.8748543893278701)
(252716, 0.8393270907770896)
(432553, 0.7915536218802057)
(569917, 0.8144918537011285)
(468124, 0.8574718207633187)
(581615, 0.9355935003418597)
(234757, 0.7755685860311503)
(346638, 0.8398045489869451)
(227482, 0.8642507275486437)
(481567, 0.8532713864805656)
(32887, 0.8401249444667995)
(523194, 0.8452155302485025)
(555972, 0.7743784627893304)
(64868, 0.8359141510664552)
(572678, 0.7704476451481099)
(416256, 0.8765599755092444)
(529762, 0.7899991483844883)
(417911, 0.9190219830487483)
(346232, 0.8861217084561096)
(433515, 0.8251432921936669)
(12576, 0.11402523710352742)
(287667, 0.8824025168998771)
(6771, 0.9067667697346744)
(121242, 0.7899423677810468)
(7818, 0.7966299302575052)
(491757, 0.8759515291086377)
(482735, 0.7406097173543229)
(537991, 0.7967438722125191)
(164115, 0.8839521194993091)
(69138, 0.7929842389830224)
(569273, 0.8815110855437149)
(79969, 0.6982974495878658)
(131938, 0.813264073145008)
(334521, 0.866696372108185)
(46252, 0.8313925356195337)
(556765, 0.9543484612855897)
(544444, 0.8878187671202246)
(288391, 0.8405000271817201)
(61268, 0.8343392261383012)
(218439, 0.7900487620360188)
(228214, 0.7809994893715079)
(344816, 0.8437868219433479)
(415741, 0.5547186650370086)
(455352, 0.9102918364128132)
(6723, 0.7071297835020302)
(342367, 0.9202925133992143)
(258793, 0.7743745921319095)
(313562, 0.5612497132882458)
(139, 0.7761724655747061)
(567197, 0.7376476296930011)
(281929, 0.7773504249841521)
(39951, 0.8864860687699809)
(336356, 0.8555428094256092)
(298994, 0.7645554214746206)
(776, 0.8378542416051052)
(39914, 0.8804163453638933)
(94871, 0.9085648559648029)
(381587, 0.8493363605881884)
(526751, 0.7251073929722276)
(35682, 0.866096539848197)
(189828, 0.8986886747086307)
(248112, 0.7972359618844997)
(451144, 0.6167486595515356)
(388846, 0.833527750935846)
(26465, 0.2879297928978926)
(137246, 0.8214309326288788)
(117914, 0.9210743378966404)
(87244, 0.8717724086424792)
(136355, 0.7600178265856999)
(73533, 0.8172908114249549)
(1425, 0.5852148635276138)
(444275, 0.9702711268149724)
(229111, 0.8182854442209788)
(356125, 0.910714703710064)
(521231, 0.8676028875882652)
(71756, 0.8408672716118123)
(534673, 0.9208351692986578)
(535253, 0.8921545767468178)
(453634, 0.8366638015204602)
(22371, 0.8949573432148831)
(439623, 0.8365595047724713)
(523957, 0.883382742458143)
(455555, 0.9219612506301101)
(191845, 0.8439815514037553)
(263425, 0.872802547919815)
(252219, 0.8829279685844874)
(138492, 0.7818793411878815)
(191761, 0.8603067678985887)
(264441, 0.8872651130711072)
(122927, 0.8779570805370616)
(54164, 0.8618275092881114)
(146358, 0.8754162222742935)
(563758, 0.615354353081385)
(343315, 0.826215625593525)
(161875, 0.957663803682922)
(418959, 0.8635318188490047)
(312237, 0.711090338568671)
(15272, 0.28724242091169655)
(343524, 0.8604870367191798)
(325483, 0.7286472745161025)
(379533, 0.7923397121456057)
(373315, 0.7978849837382636)
(155179, 0.8776944280379387)
(23899, 0.6038166765396495)
(214869, 0.8094833703110569)
(282912, 0.8799032430637423)
(439522, 0.947516224177356)
(453722, 0.9201885139585357)
(168974, 0.7951569694448574)
(451155, 0.7801733460165781)
(349152, 0.8016350511767729)
(485895, 0.8940981631655502)
(133819, 0.9161338112965716)
(45728, 0.09214715492256394)
(565469, 0.7961802050494627)
(7278, 0.7848461465627661)
(286523, 0.8546294827502474)
(83531, 0.7604696844913603)
(328117, 0.9725055501219388)
(126226, 0.7651553687154413)
(439773, 0.8436310975548952)
(85823, 0.8923989245463829)
(12748, 0.8769178374667015)
(415194, 0.6406638704226655)
(179174, 0.8902732156992119)
(67616, 0.6884721892923149)
(47585, 0.7943734669852809)
(387387, 0.9086539954444712)
(196759, 0.8946869320731563)
(199771, 0.7731703086553449)
(187734, 0.8396644051058572)
(217957, 0.8954869424950779)
(32817, 0.8022962970551895)
(167486, 0.7454083292233719)
(562448, 0.8914590506571052)
(398652, 0.8364762527812879)
(416991, 0.8066963006830539)
(513524, 0.8534760021009247)
(382125, 0.8803629833777005)
(513283, 0.9075095544580585)
(428867, 0.7010286471890343)
(438876, 0.8197823721118723)
(529148, 0.8731244813769832)
(531135, 0.5448051571677571)
(458992, 0.8220334514879073)
(273711, 0.7722787594747431)
(365642, 0.8479375248399208)
(227511, 0.9372541876446431)
(68387, 0.8446531087415304)
(127955, 0.8969960590036473)
(25228, 0.7615850231051078)
(165336, 0.9727691483348296)
(436551, 0.8449265648629596)
(272364, 0.885766156061697)
(58655, 0.8345968657649401)
(268378, 0.793967906515967)
(437239, 0.8648055283114336)
(149622, 0.7111255601663877)
(79565, 0.9132941429786954)
(321557, 0.8977260717781882)
(89296, 0.840557084716485)
(581317, 0.8787283926446428)
(376625, 0.8718598815746873)
(289222, 0.9252266987713964)
(577862, 0.9308965062492336)
(383676, 0.9143793294769252)
(431693, 0.8547211870173855)
(488673, 0.8440732579384684)
(459634, 0.7901751918511153)
(255749, 0.9154030412963527)
(322944, 0.75942955527577)
(421455, 0.7106073517662349)
(51598, 0.953793909423505)
(254368, 0.8479943180220684)
(212226, 0.8094260968897465)
(1761, 0.9347483555491999)
(325838, 0.830365056559598)
(71451, 0.819282205074521)
(439715, 0.8560554711992087)
(82696, 0.8468425653299778)
(1353, 0.8404686390457086)
(162732, 0.8397764412838387)
(567825, 0.83639343302236)
(491867, 0.8788616365382601)
(363461, 0.6834263645770366)
(385719, 0.7381198768239818)
(273232, 0.8949022431840922)
(331799, 0.825683007662585)
(528314, 0.9112771624812123)
(42528, 0.6681706411701097)
(476258, 0.7590265648889553)
(178618, 0.8860590605888954)
(429623, 0.9023687371362259)
(289938, 0.7480128045982168)
(161879, 0.810557216370299)
(312263, 0.914555629150876)
(229997, 0.8929871982110933)
(231822, 0.8150528498835986)
(269196, 0.9192627191760366)
(15338, 0.10477748136708799)
(437331, 0.8571797845055664)
(478474, 0.7385035976040846)
(447342, 0.7902124147437614)
(98287, 0.9582545229634352)
(129756, 0.8848657129399989)
(221291, 0.8612253980940705)
(534639, 0.764077264663826)
(253386, 0.9025910780168676)
(466416, 0.705998503392655)
(131556, 0.5843520881487947)
(194746, 0.7327190472303158)
(232563, 0.9035555898417696)
(558558, 0.6998798784001902)
(246454, 0.839758483597168)
(151657, 0.867906169795851)
(515266, 0.8618226053949024)
(16228, 0.5084825387752725)
(333772, 0.8049949537508011)
(51326, 0.833018694588478)
(144333, 0.7476995397174242)
(533958, 0.927499744390945)
(262682, 0.6680923755674492)
(576654, 0.9276442121305906)
(54593, 0.8315199078675521)
(528578, 0.8156994600267409)
(472298, 0.8423814349042946)
(79837, 0.7272789335880016)
(455157, 0.8980142873577157)
(225532, 0.860526715880247)
(376322, 0.7365351690582989)
(368335, 0.8810800252179459)
(166166, 0.8452426148874322)
(98839, 0.7993847986770006)
(428111, 0.8275751133931771)
(47828, 0.8518395034774963)
(214224, 0.9297666829854688)
(258541, 0.8740306524848401)
(97924, 0.8460129295348979)
(533145, 0.8229986690768141)
(378116, 0.8368651416763653)
(179141, 0.9151843567437096)
(565597, 0.8286610294173303)
(546325, 0.8612458060938706)
(243344, 0.8097432593894996)
(496571, 0.8110393896814775)
(342971, 0.8800598705491915)
(294831, 0.8345367378961199)
(129812, 0.6621403236342446)
(172547, 0.934543195710827)
(423617, 0.8672553642800713)
(89697, 0.8595500668275484)
(527427, 0.8719302958072138)
(64499, 0.8754927554170121)
(147518, 0.8959157933009322)
(187249, 0.6814247098764608)
(439854, 0.7961692189096709)
(333745, 0.8338157444461555)
(287527, 0.7989961588743872)
(566758, 0.7097617621024919)
(359937, 0.9426921161216056)
(65485, 0.8343702872893355)
(454798, 0.8299937116014714)
(245651, 0.8876897265821517)
(344614, 0.9112948426810072)
(36494, 0.3965001995609296)
(472678, 0.775182392383528)
(223188, 0.9726053856847202)
(172617, 0.8548228450687425)
(377588, 0.7872514037254734)
(318238, 0.908253431633559)
(82812, 0.8588168847659523)
(249643, 0.8564044247799195)
(42889, 0.8253140175630865)
(446117, 0.8215657662913685)
(538236, 0.8746007053305542)
(199681, 0.8363454651943029)
(369541, 0.8595644340220941)
(482487, 0.7170738442201189)
(312192, 0.7986244509427883)
(136915, 0.788966426709335)
(411774, 0.7045476458350977)
(492968, 0.9204880662676618)
(442661, 0.9328275761836158)
(185157, 0.49683820679874946)
(229659, 0.894848675025386)
(133969, 0.7208503412641886)
(166521, 0.8076179850097751)
(338428, 0.7838541143374927)
(213935, 0.9245086992876398)
(218997, 0.8667259892643164)
(166563, 0.8840033834959875)
(442323, 0.7723738634430674)
(492992, 0.8879178991935623)
(416745, 0.6468466926711876)
(564336, 0.8334282447689402)
(88485, 0.9207949305214058)
(217425, 0.8369763279216254)
(513181, 0.7487900353870095)
(255664, 0.911746408497097)
(112997, 0.7741618037102538)
(178469, 0.8040552433590952)
(66926, 0.9719641611049304)
(274687, 0.8110788329443732)
(319369, 0.8214710445120035)
(327769, 0.8179312898143282)
(565853, 0.8070281863130432)
(236784, 0.890516343986724)
(25424, 0.8977163058619438)
(213445, 0.7412971182640113)
(182417, 0.8244857359493148)
(42276, 0.14102416964813255)
(513688, 0.8294907927120707)
(244833, 0.8625303689112259)
(32811, 0.0)
(64718, 0.890591352700567)
(441553, 0.7758433443276691)
(237984, 0.8122395687643426)
(516143, 0.8350806525514188)
(148662, 0.8326247617299625)
(66523, 0.8177064354941076)
(211825, 0.8361303869768274)
(237118, 0.9477665768471479)
(287714, 0.851574420867553)
(13659, 0.904164612876078)
(224664, 0.7687802787290536)
(38118, 0.0)
(186624, 0.7571872368137251)
(358195, 0.8724415718825869)
(292456, 0.42982522564692516)
(91615, 0.859932636790666)
(234366, 0.6183790095586905)
(571893, 0.7752107349204076)
(1993, 0.8984394217857566)
(187513, 0.13340859870995234)
(285349, 0.7254098056044762)
(17627, 0.8578351532160527)
(17899, 0.85321860155594)
(384513, 0.8855040522429721)
(289417, 0.892411176945465)
(519764, 0.8595641340366798)
(221754, 0.7287827158369936)
(357238, 0.9159096933118994)
(31749, 0.7684967797979858)
(466986, 0.8216829690807138)
(269314, 0.42307850809326447)
(399296, 0.8706642203896605)
(216277, 0.9279097795164072)
(266892, 0.8840070353676726)
(257169, 0.8704506623450239)
(229753, 0.9398595992681074)
(42563, 0.8615216740214485)
(226171, 0.8272836650201933)
(441247, 0.8837144557935972)
(449579, 0.7755554117511131)
(187745, 0.8331714472262765)
(39484, 0.8000916614859004)
(87476, 0.8899359966879589)
(438226, 0.860069184065572)
(196843, 0.8626389694744837)
(872, 0.8129061070664613)
(294855, 0)
(532493, 0.8321133896375531)
(336587, 0.9385482931515239)
(193494, 0.8462980575911775)
(295478, 0.8988440452436222)
(132329, 0.8840328642476885)
(273132, 0.8164478201431211)
(78823, 0.804232850601375)
(78959, 0.8685799339832279)
(138241, 0.7390031907050607)
(546829, 0.9217075362796332)
(266768, 0.8631471515904783)
(286849, 0.9422986007859169)
(368456, 0.902214044366659)
(61333, 0.8237981251592658)
(218362, 0.8782182850661647)
(328238, 0.9291048840010445)
(173799, 0.9000551248960547)
(255718, 0.853672423587783)
(163118, 0.8440149386381597)
(163257, 0.8609359206670238)
(233238, 0.8588654647474101)
(84431, 0.8945538295805786)
(289586, 0.8396734939855482)
(334371, 0.9083064834638465)
(544565, 0.7239741443348358)
(69213, 0.9255126460066239)
(199551, 0.8092432059740235)
(553664, 0.8278609449799723)
(378515, 0.7074775288935732)
(18519, 0.8803376504112397)
(261161, 0.9013728781969623)
(394328, 0.8212157601163017)
(367195, 0.8894111613833472)
(134882, 0.7862812872188956)
(27982, 0.8366952956595453)
(133418, 0.7556489772360615)
(297343, 0.9319388622734632)
(424135, 0.7493443170715128)
(457559, 0.8903655116972308)
(128476, 0.9383088537449501)
(418696, 0.7917509428690961)
(221213, 0.8109392858483039)
(571598, 0.8674273515556798)
(223955, 0.9148800819340905)
(388258, 0.804471351438222)
(425227, 0.6639877908054235)
(427997, 0.7542529246336391)
(551794, 0.8225932289534378)
(24144, 0.9368498726783985)
(91654, 0.8277519152062733)
(243626, 0.9292905553123735)
(465549, 0.8403034455728958)
(467848, 0.8290162796670055)
(161781, 0.8793725025979904)
(177489, 0.8155058147642521)
(164885, 0.92521548993313)
(281687, 0.7852006756676126)
(159112, 0.8440566290299251)
(533536, 0.7741955657911581)
(37777, 0.8424725893702214)
(189752, 0.8316474908711875)
(169996, 0.8875874706191276)
(31118, 0.852628326248479)
(41635, 0.8151562509011092)
(366611, 0.7192278399042948)
(293625, 0.777695664205383)
(535523, 0.851532940722116)
(455937, 0.7659174680091262)
(53624, 0.7657292878299516)
(3553, 0.8247842237353309)
(572517, 0.8504275389814937)
(183246, 0.8150480818600839)
(146457, 0.8684034081190496)
(345397, 0.7540414047946369)
(382696, 0.8836383596016484)
(443426, 0.7205441711139107)
(343976, 0.764138528734308)
(361147, 0.8718670685396258)
(122962, 0.8614439321204603)
(25393, 0.5473158829069785)
(159399, 0.8800912711072604)
(68833, 0.8715490827223071)
(357742, 0.7290765514026902)
(392722, 0.9271212576427929)
(2587, 0.797893286100527)
(478136, 0.020426350048971066)
(362434, 0.7929221206193875)
(455267, 0.7657939904893002)
(266981, 0.8494245829182999)
(449996, 0.8020224961428809)
(227686, 0.7381350136004238)
(382122, 0.8763974005447259)
(456865, 0.9306133915862075)
(281179, 0.7919262718854425)
(413689, 0.7085077834933591)
(61658, 0.7296358821963086)
(263474, 0.838755202007929)
(138819, 0.869296372821262)
(568147, 0.8734573970679552)
(138856, 0.8214762524510717)
(371529, 0.7961835854078165)
(114884, 0.914192124969281)
(289741, 0.8154440102287122)
(397681, 0.8163104462809031)
(352684, 0.6913568888201309)
(229221, 0.9034187855227748)
(391648, 0.8005113053379889)
(136334, 0.7887375400908478)
(125952, 0.8813793845686073)
(42628, 0.8648865286653744)
(497628, 0.5443534298382433)
(423971, 0.9021603465136212)
(134856, 0.5802601207085563)
(169356, 0.8210352705164863)
(449312, 0.8324407190002037)
(272148, 0.7065227246773582)
(286994, 0.9335439564774441)
(574425, 0.770151826201261)
(424642, 0.9080816597050358)
(561465, 0.890910509497969)
(291664, 0.8832190804401023)
(369757, 0.9327932003971608)
(17436, 0.0)
(426166, 0.8978322472234535)
(189436, 0.8775938759329336)
(411754, 0.6000060465087544)
(445834, 0.874266704762383)
(534827, 0.881504310778392)
(493442, 0.8105907939702959)
(173371, 0.8636332589224335)
(213816, 0.8765635595226234)
(58384, 0.9203804900565417)
(68628, 0.8903331427099453)
(223182, 0.7352990265163533)
(176857, 0.589325742986695)
(494634, 0.8561225314152063)
(19432, 0.8318002902888206)
(526728, 0.8879227048307076)
(52996, 0.43622279038940004)
(137727, 0.7178053181574944)
(473237, 0.818233978145962)
(373382, 0.9043895320769304)
(251572, 0.5961302188399386)
(547886, 0.9167001426831123)
(364297, 0.829593855526863)
(181499, 0.8882905473705893)
(11511, 0.7909067533816859)
(466567, 0.9379747965307704)
(574823, 0.9049331500242016)
(22935, 0.30575487806816115)
(33638, 0.5332759207609832)
(482719, 0.7646605753530674)
(172877, 0.8451127715049358)
(236592, 0.822085235609583)
(128372, 0.9303199028924387)
(122166, 0.7903443145989743)
(252332, 0.9282279544131077)
(361571, 0.8649038423561802)
(493334, 0.8525111529128162)
(88951, 0.8632354969374841)
(153568, 0.942727204652894)
(142324, 0.8020576542299122)
(76468, 0.8874680686660706)
(296657, 0.9624263099889283)
(581357, 0.9076078217493404)
(564133, 0.8536751111741641)
(32941, 0.4045785268007905)
(356261, 0.9412108989305396)
(452515, 0.7703741103810379)
(522751, 0.9116366050650112)
(241297, 0.9053728874448107)
(24919, 0.8767914740550922)
(383621, 0.8468181996928766)
(45472, 0.9492284209020464)
(269113, 0.9598131153994096)
(473219, 0.8898919004666279)
(323751, 0.6823849260108114)
(422998, 0.866820770274188)
(55299, 0.6803802432397194)
(271457, 0.902441577420598)
(333956, 0.7895893388421464)
(474293, 0.8170654628334502)
(131444, 0.795817837139998)
(368294, 0.6142217157488549)
(129416, 0.8453513038247535)
(246436, 0.8637946333753279)
(385997, 0.7745235594492248)
(243989, 0.900709357588935)
(563882, 0.9011642689870336)
(176446, 0.8592292194082011)
(126592, 0.933311697405924)
(3255, 0.8803781907161699)
(22755, 0.8233710449963896)
(559543, 0.682160455899737)
(193926, 0.817510795468693)
(183716, 0.9138361393966213)
(326248, 0.8341548059389301)
(567898, 0.8750801175215683)
(198641, 0.7853255276596365)
(219283, 0.8213345906589253)
(8899, 0.7856064970008179)
(216497, 0.8050761038326839)
(251119, 0)
(498286, 0.906608464689826)
(137294, 0.9741189111942791)
(242411, 0.6291384547773959)
(383842, 0.8316760588204216)
(443498, 0.9433031263924831)
(248631, 0.8814227793521356)
(136715, 0.8551266072290878)
(565989, 0.8331396126890247)
(384616, 0.9107030233314828)
(322844, 0.711871563758746)
(324818, 0.9254399767306486)
(288862, 0.853835837815959)
(424776, 0.8479521163190299)
(448448, 0.8208339521183787)
(369442, 0.9305449036026803)
(194216, 0.749998047555223)
(122745, 0.8852282565816253)
(313182, 0.8296828089956692)
(576566, 0.7743325831808463)
(632, 0.8957860202925874)
(61418, 0.854290692348655)
(323571, 0.7322549174865856)
(143998, 0.7823919290576564)
(312586, 0.9454119102402163)
(357888, 0.8664643523548721)
(322829, 0.8670204665156958)
(312489, 0.8646722046519288)
(367569, 0.6994573261936182)
(289659, 0.8633454326246932)
(195842, 0.8493750309089657)
(2157, 0.701562612678462)
(226883, 0.8947475897955014)
(558213, 0.8025818204371128)
(351362, 0.780320602145153)
(419882, 0.8798012324675293)
(286422, 0.7934846853322884)
(283412, 0.9066944630514276)
(323263, 0.9102173359224711)
(354547, 0.6037176606589343)
(269316, 0.9283551204554805)
